1.000000000000000000e+00
1.000000000000000000e+00
1.000000000000000000e+00
1.000000000000000000e+00
1.000000000000000000e+00
1.000000000000000000e+00
1.000000000000000000e+00
1.000000000000000000e+00
1.000000000000000000e+00
1.000000000000000000e+00
1.000000000000000000e+00
1.000000000000000000e+00
1.000000000000000000e+00
1.000000000000000000e+00
1.000000000000000000e+00
1.000000000000000000e+00
1.000000000000000000e+00
1.000000000000000000e+00
1.000000000000000000e+00
1.000000000000000000e+00
1.000000000000000000e+00
1.000000000000000000e+00
1.000000000000000000e+00
1.000000000000000000e+00
1.000000000000000000e+00
1.000000000000000000e+00
1.000000000000000000e+00
1.000000000000000000e+00
1.000000000000000000e+00
1.000000000000000000e+00
9.310000000000000497e-01
8.780000000000000027e-01
8.409999999999999698e-01
8.100000000000000533e-01
7.840000000000000302e-01
7.600000000000000089e-01
7.369999999999999885e-01
7.169999999999999707e-01
6.969999999999999529e-01
6.770000000000000462e-01
6.590000000000000302e-01
6.420000000000000151e-01
6.239999999999999991e-01
6.069999999999999840e-01
5.909999999999999698e-01
5.739999999999999547e-01
5.580000000000000515e-01
5.420000000000000373e-01
5.260000000000000231e-01
5.100000000000000089e-01
4.939999999999999947e-01
4.769999999999999796e-01
4.620000000000000218e-01
4.450000000000000067e-01
4.289999999999999925e-01
4.129999999999999782e-01
3.950000000000000178e-01
3.790000000000000036e-01
3.619999999999999885e-01
3.439999999999999725e-01
3.260000000000000120e-01
3.069999999999999951e-01
2.869999999999999774e-01
2.670000000000000151e-01
2.449999999999999956e-01
2.210000000000000020e-01
1.940000000000000058e-01
1.640000000000000069e-01
1.290000000000000036e-01
8.000000000000000167e-02
0.000000000000000000e+00
0.000000000000000000e+00
0.000000000000000000e+00
0.000000000000000000e+00
0.000000000000000000e+00
0.000000000000000000e+00
0.000000000000000000e+00
0.000000000000000000e+00
0.000000000000000000e+00
0.000000000000000000e+00
0.000000000000000000e+00
0.000000000000000000e+00
0.000000000000000000e+00
0.000000000000000000e+00
0.000000000000000000e+00
0.000000000000000000e+00
0.000000000000000000e+00
0.000000000000000000e+00
0.000000000000000000e+00
0.000000000000000000e+00
0.000000000000000000e+00
0.000000000000000000e+00
0.000000000000000000e+00
0.000000000000000000e+00
0.000000000000000000e+00
0.000000000000000000e+00
0.000000000000000000e+00
0.000000000000000000e+00
0.000000000000000000e+00
0.000000000000000000e+00
