9.933357820306102440e+03
9.976519221959119022e+03
9.991018110887725925e+03
9.927830915738706608e+03
9.922951003440630302e+03
1.000380507960962132e+04
1.001702313302568837e+04
9.950415707196192670e+03
9.927397319727386275e+03
9.960713071912618034e+03
1.001395240855692828e+04
9.950965452216727499e+03
9.935464928887722635e+03
9.938499739753098766e+03
9.983866931757291241e+03
9.933350193326292356e+03
9.981763601292537714e+03
9.997221792784337595e+03
9.935437431831638605e+03
1.002458007643652491e+04
9.955674716899844498e+03
9.940504331374406320e+03
1.002132974028470562e+04
9.986396540590430959e+03
9.944939117293015443e+03
9.952204736443231013e+03
9.949781369419273688e+03
9.992605399831512841e+03
9.960060713431383192e+03
1.000845333692667919e+04
1.002432482508732937e+04
1.002743056710486962e+04
1.000201259282866522e+04
1.001383923867123121e+04
9.946343485507539299e+03
9.945983408965370472e+03
1.003606747018361239e+04
1.004093687758653505e+04
9.984595478512494083e+03
1.002897737358362065e+04
9.996193799760285401e+03
9.974887867162735347e+03
9.983211292653275450e+03
1.000521151109383572e+04
9.955526703562802140e+03
9.973778996237082538e+03
1.001328927354426924e+04
9.993188763499385459e+03
9.954395640354019633e+03
1.004379403181640555e+04
9.946549296963050438e+03
9.969535756996194323e+03
1.001286338590196283e+04
9.964065275202110570e+03
1.000985880936666217e+04
9.984028964351316972e+03
1.004075703030714976e+04
9.973026299608389309e+03
1.004397575150448756e+04
1.004714236656943649e+04
1.002467935727670556e+04
1.003981579232677177e+04
1.000626929356452274e+04
9.976445088906350065e+03
1.002905850908280809e+04
1.000299288136142604e+04
9.979156290855935367e+03
1.005389440004341122e+04
1.003348295102025622e+04
9.996247820045855406e+03
9.969411739956161910e+03
1.004603760181603684e+04
1.001880416538890495e+04
9.987744323101203918e+03
1.004795580314990912e+04
1.000720181214449985e+04
1.001236518938085828e+04
1.004784741472446694e+04
9.992979920141728144e+03
9.983353734491622163e+03
9.998629988464550479e+03
1.004394825853237671e+04
1.002309103827375475e+04
9.990482215563555656e+03
1.001475817902434210e+04
1.005869346046084684e+04
1.004351504416623902e+04
1.002873448109310993e+04
1.006931063659455685e+04
1.005609509119412178e+04
1.004898251902166157e+04
9.985839135565929610e+03
9.985667773603146998e+03
1.001806492184625313e+04
9.999892538555663123e+03
1.005659995459396487e+04
1.003470263896064716e+04
1.002663908044249001e+04
1.001366679554846633e+04
1.002616167353843775e+04
1.003508675040949129e+04
1.005838441993978631e+04
9.998161326653458673e+03
1.005708617363650774e+04
1.007835925782407685e+04
1.004792170679232186e+04
1.005725728923950010e+04
1.008863770271132489e+04
1.000514135903421993e+04
1.001564683010884619e+04
1.005793266275069982e+04
1.005290343434257557e+04
1.006937101099010579e+04
1.004567168445496281e+04
1.001415224544487319e+04
1.006771111632833890e+04
1.004225922486790660e+04
1.003898200138637731e+04
1.007178518732729208e+04
1.003693357573929097e+04
1.001310877009893738e+04
1.007856150956881720e+04
1.003826624054017338e+04
1.010171954776131497e+04
1.007485359787714697e+04
1.000207864680552302e+04
1.003498608588747084e+04
1.004872572570215743e+04
1.006904297870864684e+04
1.006875940404094763e+04
1.009993632599187549e+04
1.003460390605219072e+04
1.009880811438092132e+04
1.005549969290838999e+04
1.007786324024182977e+04
1.007634022656805064e+04
1.010104916891594257e+04
1.002931253955574903e+04
1.003577428791306738e+04
1.004138958332702532e+04
1.004824369419881623e+04
1.005408071154083518e+04
1.007247730600222894e+04
1.003432419931952791e+04
1.006876363137424232e+04
1.007627173989709263e+04
1.003671715154718731e+04
1.010543002768067345e+04
1.005400767221767637e+04
1.006457108991152381e+04
1.005738812589914050e+04
1.007155228701843043e+04
1.003413449498048612e+04
1.007687427714550540e+04
1.008451436248078971e+04
1.006217608602787368e+04
1.004730745825954182e+04
1.012184833668812644e+04
1.012126839535675390e+04
1.010369962742047210e+04
1.008456953815750057e+04
1.005429829887305095e+04
1.012897713840818687e+04
1.007437746360943856e+04
1.009458333512978606e+04
1.013166111051383632e+04
1.010573751743011962e+04
1.013184196143773988e+04
1.009000735142499070e+04
1.006878063379460764e+04
1.009470710484295887e+04
1.011339440640523935e+04
1.013350467261600897e+04
1.008841846044108206e+04
1.007096733607614806e+04
1.013414122811368361e+04
1.007454777789600121e+04
1.005849644501522016e+04
1.004968808045629521e+04
1.008983134007643457e+04
1.011243608264736577e+04
1.008142063645915368e+04
1.012766342679417539e+04
1.013968079585775922e+04
1.014601681563313468e+04
1.011576909402940873e+04
1.007255190367511204e+04
1.014072530121700402e+04
1.006490437452785227e+04
1.008618875796368047e+04
1.013878186564640600e+04
1.013284320451849089e+04
1.012034229532072823e+04
1.011742750284798421e+04
1.006503287447924231e+04
1.011993112343182474e+04
1.008094809255003565e+04
1.012158393395414896e+04
1.014084763187591670e+04
1.007437082709007154e+04
1.008001129550224505e+04
1.008350081422135008e+04
1.009169313513979432e+04
1.008402495314922089e+04
1.014663146283605965e+04
1.007170393649478501e+04
1.015727057773033266e+04
1.015247461090065008e+04
1.009871364900565641e+04
1.015511029186490669e+04
1.010963960933656926e+04
1.012502107078720110e+04
1.013785409248243923e+04
1.010319305234292187e+04
1.014548318200305766e+04
1.010291655169410296e+04
1.009091163727684579e+04
1.013564642168036698e+04
1.015240382696534652e+04
1.009785848393490596e+04
1.016414279227055158e+04
1.013417048770420479e+04
1.010350414257312696e+04
1.012868850629614280e+04
1.012189533272032168e+04
1.014734762292684718e+04
1.012661403862693624e+04
1.014522769668953151e+04
1.009466487263038471e+04
1.008286450492116273e+04
1.011942414940046910e+04
1.010310867585022788e+04
1.016344867361637807e+04
1.010995546447580273e+04
1.015052505784966343e+04
1.013170214160287469e+04
1.012829880534981021e+04
1.011609573411513702e+04
1.011119365091102009e+04
1.014192622525903971e+04
1.010697242528105016e+04
1.016683720032565907e+04
1.010443650784707643e+04
1.015168872428080613e+04
1.014608581045612482e+04
1.014688584544816331e+04
1.012225551233739134e+04
1.011616355118336287e+04
1.011259685669352075e+04
1.010574101571468236e+04
1.015291850087680359e+04
1.014782326081053725e+04
1.016996171832912660e+04
1.015176921729895002e+04
1.013293451458893651e+04
1.014094975547689319e+04
1.014139557771070758e+04
1.016639121885327222e+04
1.014987960775553074e+04
1.018372010973478245e+04
1.014787809069653304e+04
1.016478400345866430e+04
1.018240657421596188e+04
1.016558984193706601e+04
1.015257459946926974e+04
1.015804145941202296e+04
1.015474792807025187e+04
1.015858604896483303e+04
1.018236839962216800e+04
1.013620549706900238e+04
1.017196614384528402e+04
1.016791764636843982e+04
1.013988872007225291e+04
1.016722311413602984e+04
1.016661484187593851e+04
1.019487222463358739e+04
1.012541029192130009e+04
1.016752661739556606e+04
1.015757173009173493e+04
1.019504319257637508e+04
1.012291392709931642e+04
1.012248860792054074e+04
1.013005340942482144e+04
1.013680219131947524e+04
1.012456792451256842e+04
1.017326469803586406e+04
1.017943793112494131e+04
1.018956050499649791e+04
1.017857702717582652e+04
1.016306876397820815e+04
1.014173451834440857e+04
1.019172461520758588e+04
1.012744867672257897e+04
1.014467502639501436e+04
1.014871848795514961e+04
1.016237245387989606e+04
1.018591760711660754e+04
1.013077210514752733e+04
1.018074269942733736e+04
1.014572707849724793e+04
1.014144795466625146e+04
1.013457481686033680e+04
1.018925027748913999e+04
1.014455759950425090e+04
1.018894365138892317e+04
1.018311660591747204e+04
1.018626084253277259e+04
1.020672392687577849e+04
1.015150631004145544e+04
1.016965973239807499e+04
1.016718220733066846e+04
1.019548249104132810e+04
1.017633756334462305e+04
1.016977216664008847e+04
1.018170660183182554e+04
1.015277393087939163e+04
1.019967503208332892e+04
1.020813993710276918e+04
1.017248975440959111e+04
1.014039780843325934e+04
1.013842369802806570e+04
1.014866847949780276e+04
1.014640700103963718e+04
1.014626778583175656e+04
1.018837485298759384e+04
1.018342989652577126e+04
1.016355902788093226e+04
1.018677800456869591e+04
1.019473426591318275e+04
1.019313760881396956e+04
1.020114460033498472e+04
1.015792989456876239e+04
1.020994562449159639e+04
1.019389520847781750e+04
1.020716395727342933e+04
1.018878909354836651e+04
1.017231748305605470e+04
1.015038097000505149e+04
1.015568808075909146e+04
1.014998709120413878e+04
1.018906863653529945e+04
1.021106638615927841e+04
1.020312394608702016e+04
1.020037081382442739e+04
1.018849701634995836e+04
1.019250963574103480e+04
1.015523896331099240e+04
1.020677478824389800e+04
1.020739977444563738e+04
1.019902211439598432e+04
1.021126141037040361e+04
1.021647234969370038e+04
1.019563785294742229e+04
1.021649861609539221e+04
1.021848679220989834e+04
1.020297822805843680e+04
1.017189238917990770e+04
1.021592580035425090e+04
1.019759348473923455e+04
1.022099941292197582e+04
1.016234809572734412e+04
1.020617866788776337e+04
1.015962604240981091e+04
1.018043236228072419e+04
1.019545009631560606e+04
1.021390200950592589e+04
1.016402327252202303e+04
1.018759466161152341e+04
1.021455961623398252e+04
1.018359488487934868e+04
1.018407880934878995e+04
1.020255625620273167e+04
1.022133192925895491e+04
1.018269558014850554e+04
1.018260506201762837e+04
1.018777534825420662e+04
1.021095078775309958e+04
1.018015283426338829e+04
1.021445534208726531e+04
1.017161057868019452e+04
1.021990431780732615e+04
1.018743964643714207e+04
1.020497522022257363e+04
1.019986948846827363e+04
1.018217207764471277e+04
1.021286697061354425e+04
1.021599137640590743e+04
1.018625806767975519e+04
1.018714324352258882e+04
1.022614631818400812e+04
1.018935081882925806e+04
1.022233133631275268e+04
1.021081558219131148e+04
1.023282170770370067e+04
1.019849799423579498e+04
1.023281817930806574e+04
1.018959933040720716e+04
1.018131438111063653e+04
1.020064598246373134e+04
1.021831101136932739e+04
1.022487459342335023e+04
1.022361269931440984e+04
1.022006518273833353e+04
1.022876733748140941e+04
1.020718744504083952e+04
1.020980275826127581e+04
1.020818625322026310e+04
1.020519038100288708e+04
1.023655097229980129e+04
1.021193260985130837e+04
1.021049618592301158e+04
1.021647298657817373e+04
1.023152775664779438e+04
1.022186268417414249e+04
1.023024997638339664e+04
1.020358398098810721e+04
1.022343341572394820e+04
1.021097878333280278e+04
1.022419663316548213e+04
1.021508642366406457e+04
1.023825723987851052e+04
1.021693740640919532e+04
1.022676748764436525e+04
1.023492910036257126e+04
1.020489777603858056e+04
1.022927050475218675e+04
1.023016271403213977e+04
1.022364172500504537e+04
1.023598707813981855e+04
1.024092337196241169e+04
1.024081547166740711e+04
1.024023709701321422e+04
1.023282539254710537e+04
1.020650780581988329e+04
1.023768888280727515e+04
1.020462412656861125e+04
1.023728810113904910e+04
1.022482832160743237e+04
1.023690211803205966e+04
1.024339288164312711e+04
1.021283025575556894e+04
1.021854269947848297e+04
1.022694705369685835e+04
1.023061501925937409e+04
1.023847543199140819e+04
1.023909251970709920e+04
1.023018804417168030e+04
1.020496549458498885e+04
1.023192752623460365e+04
1.022553312232625467e+04
1.024248119301557199e+04
1.022568397067802653e+04
1.024418412131327568e+04
1.021725423983973087e+04
1.020766793810026684e+04
1.022384985051616786e+04
1.023433893458585408e+04
1.024516825232250085e+04
1.021155404151534094e+04
1.023669915759391915e+04
1.024285789608613231e+04
1.023847301160261486e+04
1.022363976313292187e+04
1.022385935021441583e+04
1.021910111011120171e+04
1.024621322797034372e+04
1.021600891208687608e+04
1.023503109137482716e+04
1.022932239077557642e+04
1.024510605596022106e+04
1.024244554561153927e+04
1.021775129275841027e+04
1.024363691384011508e+04
1.024493217954470128e+04
1.024677233837921267e+04
1.023922974412224539e+04
1.023550046424954053e+04
1.022903795391843232e+04
1.024358336222718754e+04
1.023737694733574972e+04
1.024070178205025695e+04
1.023830699928329886e+04
1.022484944944530616e+04
1.024655312962233074e+04
1.023006335610103633e+04
1.024720429930816499e+04
1.022877388634655108e+04
1.024055582782272904e+04
1.023062913707227926e+04
1.022908666367454680e+04
1.021920821192708536e+04
1.024011839115043767e+04
1.022980732951538266e+04
1.024136659280034473e+04
1.022831288443025005e+04
1.023835687791529199e+04
1.023919963285507220e+04
1.024021167402535684e+04
1.024246096750600918e+04
1.024774039414914660e+04
1.023894071920976785e+04
1.022567992889197922e+04
1.023826163715032271e+04
1.024593309117981153e+04
1.023138704678823342e+04
1.024490956810377975e+04
1.023666414331547276e+04
1.024519150830344188e+04
1.024827404826930797e+04
1.024289872743725937e+04
1.024691212072112648e+04
1.024500212854150413e+04
1.024667515983469275e+04
1.024363178748412247e+04
1.023735045393588371e+04
1.022997883508564337e+04
1.024846038298608437e+04
1.023574844877574833e+04
1.024069002570744851e+04
1.024448106986345556e+04
1.023709400863020346e+04
1.024159001783508756e+04
1.023569883456384377e+04
1.023566673516035007e+04
1.024808237467338586e+04
1.024474687309642104e+04
1.024538877106202744e+04
1.024646216699084653e+04
1.023226174771987280e+04
1.024826162011202359e+04
1.024513884082384720e+04
1.023131804545096020e+04
1.024752930633786127e+04
1.024781240149684891e+04
1.024185701328638606e+04
1.024824956602366001e+04
1.024221613677130335e+04
1.024837772354334084e+04
1.023670322041196050e+04
1.024010361172386183e+04
1.024823492797614927e+04
1.024168928110380330e+04
1.024712746849923133e+04
1.024727018466510526e+04
1.024720692191558192e+04
1.024830441627942491e+04
1.024595429273666741e+04
1.024405994096128597e+04
1.024774585023421605e+04
1.023576019852425270e+04
1.023617677346880919e+04
1.023980496600351216e+04
1.023929949544321971e+04
1.024819539625139441e+04
1.024821655729204031e+04
1.024371556829479414e+04
1.024813918228964940e+04
1.023763491056240855e+04
1.023717427397985557e+04
1.024791714876313199e+04
1.024339842203722037e+04
1.024394816672081288e+04
1.024682170073354064e+04
1.024749530494316787e+04
1.024731636040640296e+04
1.024808645954156054e+04
1.024401426346262269e+04
1.024695589674654184e+04
1.024745718763282639e+04
1.024684283579865587e+04
1.024811835258324754e+04
1.024675028459601344e+04
1.024777899944754972e+04
1.024727312768541924e+04
1.024780617382191485e+04
1.024769858247543561e+04
1.024788414749126059e+04
1.024777657249791810e+04
1.024688449538775967e+04
1.024262990320211247e+04
1.024626746262357119e+04
1.024685578290448575e+04
1.024475824505121636e+04
1.024666644362403167e+04
1.024732247254404683e+04
1.024735209563487660e+04
1.024795175545046004e+04
1.024695663096995304e+04
1.024631239362040469e+04
1.024390234819361831e+04
1.024700756054118210e+04
1.024692160688949116e+04
1.024329283863644014e+04
1.024516450179633648e+04
1.024729273158965225e+04
1.024560042613583755e+04
1.024651256831253886e+04
1.024445709536776485e+04
1.024693780114603578e+04
1.024744541037884483e+04
1.024768215662230432e+04
1.024738987283398455e+04
1.024780633383137865e+04
1.024181626012281231e+04
1.024097658732961645e+04
1.024588166429172088e+04
1.024638514043504074e+04
1.024617102117417744e+04
1.024707481807118529e+04
1.024167193417066665e+04
1.024742196943041381e+04
1.024775850084215381e+04
1.024669844502360684e+04
1.024419777686960697e+04
1.024753713225355568e+04
1.024187420878890043e+04
1.024546807214653927e+04
1.024571737494163790e+04
1.024582245866148696e+04
1.024701739883787923e+04
1.024761234827984299e+04
1.024701043168471733e+04
1.024445861433607388e+04
1.024671966776933368e+04
1.023644607489825285e+04
1.023590786264288545e+04
1.024597180841735644e+04
1.024755199234279826e+04
1.024631149206959890e+04
1.024614090601867974e+04
1.024694651819707906e+04
1.024676886698933231e+04
1.024740168791087126e+04
1.023772009804863228e+04
1.024051101323391777e+04
1.024751936173227114e+04
1.024759092924755350e+04
1.024350372470638649e+04
1.023901353690012184e+04
1.024745619427183374e+04
1.023522819283661011e+04
1.024457897942013551e+04
1.024744426346820364e+04
1.024714130394911444e+04
1.024378483761874668e+04
1.024680708364134262e+04
1.024425692066199190e+04
1.023774230222056212e+04
1.024179310000070836e+04
1.022799099666020084e+04
1.024032740618265234e+04
1.023506167972876392e+04
1.024529132189747543e+04
1.024656745352437065e+04
1.024494405709186685e+04
1.022647904763296719e+04
1.023302840589484913e+04
1.024545939212241501e+04
1.024098667773380839e+04
1.024468641385398951e+04
1.023123740976164845e+04
1.023605070656582939e+04
1.024179229778623267e+04
1.022735613701451439e+04
1.023175621507616415e+04
1.023323823416950836e+04
1.023989216549991397e+04
1.022406840416033629e+04
1.023409036439765805e+04
1.023670247007299986e+04
1.022203224319859510e+04
1.022766830350633427e+04
1.024175622444748478e+04
1.023894072871232311e+04
1.024184434583065195e+04
1.023429276123726049e+04
1.023032281379722554e+04
1.024101262383009271e+04
1.024021980840807191e+04
1.023122819749816335e+04
1.022884591444680518e+04
1.024626119232667043e+04
1.023849811881392634e+04
1.022279720098412145e+04
1.024075541557965516e+04
1.022731177195143391e+04
1.021808185279296958e+04
1.024561732340119488e+04
1.023536578943075983e+04
1.023298351651761550e+04
1.022700159366896696e+04
1.021925676196763197e+04
1.021203794493936948e+04
1.022302689262723834e+04
1.024450502295646766e+04
1.022574502620838575e+04
1.022428639629124154e+04
1.022990143012697445e+04
1.023349888519311025e+04
1.021957741880233880e+04
1.023550344142884205e+04
1.023652047972919172e+04
1.022431151812861026e+04
1.023949009110378756e+04
1.022833322276179024e+04
1.021405275095200341e+04
1.022540446517752207e+04
1.024069649886926345e+04
1.022908409190077145e+04
1.021602241138840327e+04
1.022134156624458774e+04
1.023925757968067956e+04
1.023770824442136836e+04
1.023895157429861138e+04
1.022945693644295898e+04
1.023100282523647911e+04
1.020770563480939927e+04
1.024122868133707379e+04
1.022286297842508793e+04
1.024002766377996704e+04
1.021377511443072217e+04
1.020522042388165937e+04
1.020432924575342622e+04
1.020802839285496702e+04
1.020548879599773318e+04
1.022939156413758428e+04
1.021045840706259878e+04
1.023456609499014485e+04
1.023778537155374397e+04
1.020992410791291877e+04
1.020594300992141689e+04
1.020859398881221387e+04
1.023515172209525917e+04
1.021134692308631929e+04
1.022058689614652576e+04
1.022573390051492061e+04
1.020392190134146040e+04
1.023415748720838201e+04
1.022811224433984535e+04
1.021468583869381291e+04
1.020371112134931718e+04
1.023164194191679780e+04
1.023357045148396901e+04
1.022540525612326928e+04
1.021089082634820988e+04
1.021151799322549232e+04
1.022434043594880313e+04
1.022916081460317218e+04
1.022624081173266495e+04
1.021074946719120089e+04
1.023522130828826084e+04
1.023015647444370006e+04
1.023203862038528496e+04
1.023451773876559673e+04
1.018769922697496622e+04
1.023210420724517826e+04
1.021520677917088324e+04
1.022897334911985126e+04
1.021011754490586645e+04
1.021106560881567930e+04
1.022514313838369890e+04
1.018575378835957781e+04
1.018964073637201000e+04
1.023216419072905774e+04
1.020377230569036874e+04
1.020187129692475355e+04
1.022184827194551508e+04
1.021147716637101803e+04
1.020651375534452745e+04
1.021792397760346284e+04
1.019455950407715500e+04
1.019070725244519053e+04
1.023040556840649697e+04
1.019094276700876981e+04
1.021532134685048186e+04
1.019714507501801017e+04
1.022030290236513429e+04
1.021677084233335518e+04
1.020401841637668622e+04
1.018760467258932294e+04
1.021148818663454949e+04
1.021755294898116699e+04
1.021680404553872540e+04
1.021697076664480301e+04
1.022555180966907028e+04
1.019486336408841998e+04
1.021835516058936082e+04
1.016954204740773639e+04
1.021088300999281819e+04
1.018961953203706253e+04
1.022082897771947137e+04
1.020883502595927530e+04
1.021379270347378224e+04
1.019780276003625477e+04
1.016730186826634417e+04
1.021397166909806401e+04
1.018705056407213851e+04
1.017495963519578982e+04
1.018471789585891202e+04
1.022144980243323516e+04
1.019016625574339378e+04
1.020686793933233639e+04
1.018727307736135117e+04
1.020345145695000247e+04
1.021358864484803235e+04
1.021392568632152870e+04
1.019839452610729495e+04
1.018678206292582945e+04
1.016729998434388108e+04
1.016411834391986122e+04
1.019301170198213003e+04
1.019778547854229328e+04
1.018080784524213414e+04
1.021688326525913180e+04
1.021435782253520483e+04
1.016736547918657561e+04
1.020462371881525360e+04
1.018132762253518922e+04
1.021111790285345705e+04
1.015187400166121915e+04
1.019805838878494433e+04
1.015294394847982585e+04
1.016426906199318728e+04
1.020857274632935150e+04
1.016144642409600783e+04
1.017081042951017298e+04
1.017173089373566836e+04
1.016114943985810896e+04
1.020931435612408859e+04
1.018924976427660658e+04
1.015689135732985415e+04
1.020020288545133553e+04
1.016377945858563726e+04
1.014563379411787355e+04
1.016676873388499735e+04
1.014113448954107480e+04
1.014958691628120323e+04
1.015461204143095893e+04
1.015232536885879017e+04
1.015822012830550011e+04
1.019434519456244016e+04
1.013709347973946205e+04
1.014554676073195878e+04
1.016134979771468170e+04
1.020450519281239394e+04
1.015913348397964182e+04
1.013763539386270531e+04
1.019562314952344059e+04
1.019855209131348965e+04
1.013812223370341599e+04
1.014053011857384990e+04
1.020141633759378419e+04
1.013003883618744840e+04
1.017268468151095476e+04
1.019225621591240451e+04
1.017298852194430583e+04
1.018298812401962459e+04
1.018547069628721329e+04
1.018077705174432776e+04
1.014258429636127039e+04
1.014275249547965541e+04
1.017947368839255250e+04
1.017052691054910974e+04
1.019157936717894881e+04
1.019520060120592279e+04
1.019489308289483961e+04
1.012905728217343494e+04
1.018928551930791946e+04
1.015900783592282824e+04
1.013159970744426391e+04
1.017493232252961207e+04
1.014856285978494816e+04
1.018608273089352224e+04
1.013662483097057338e+04
1.011807768509980269e+04
1.018152364151735492e+04
1.017962036956716838e+04
1.011678799936707583e+04
1.013090804391851816e+04
1.015469937467124873e+04
1.012892538981008511e+04
1.017635728173091593e+04
1.013202102694523455e+04
1.014124293484077862e+04
1.018694972333829537e+04
1.017902009856549739e+04
1.013961340502960047e+04
1.014991427080593712e+04
1.012527535922691823e+04
1.016654172487805045e+04
1.018554833183252413e+04
1.015368302157821927e+04
1.013687673088883457e+04
1.014153975344058199e+04
1.012023913008933960e+04
1.015881158808316104e+04
1.013896732834311115e+04
1.016706221393355736e+04
1.012336324480264375e+04
1.010884754142020938e+04
1.013059181092577091e+04
1.013335276760127635e+04
1.010962194708483366e+04
1.011426238072687738e+04
1.010415889713142315e+04
1.017403380752076555e+04
1.016042454583619838e+04
1.009883448151903394e+04
1.011180671307257762e+04
1.016467586710904470e+04
1.016505404850953528e+04
1.012718681880445365e+04
1.017031229271071606e+04
1.015542074821727692e+04
1.009507974747688422e+04
1.015998464488116406e+04
1.012885776765579794e+04
1.010459941148363032e+04
1.012203124895894689e+04
1.010858571175474935e+04
1.010394167247924997e+04
1.016894733785198696e+04
1.013704875547831762e+04
1.010766183179278050e+04
1.014970228900116308e+04
1.014650618754268544e+04
1.009282397971437786e+04
1.013259557625722118e+04
1.015088671067782707e+04
1.012921877853031401e+04
1.011488309021460191e+04
1.010692537853456997e+04
1.013900834487283646e+04
1.015159968845980256e+04
1.009100163692654678e+04
1.014695687782020650e+04
1.011707544752298963e+04
1.008287011717243149e+04
1.014279015687363244e+04
1.009706508409809612e+04
1.015638581373742454e+04
1.013565970413977448e+04
1.010980775213276502e+04
1.007850869090148080e+04
1.013998586292391701e+04
1.008647651863922874e+04
1.013029562294680909e+04
1.010969693841458320e+04
1.010228564396457477e+04
1.007921791116813438e+04
1.007670260942892310e+04
1.011448017184762102e+04
1.015130222489548578e+04
1.012180932935054625e+04
1.011717051732297659e+04
1.009389861945419034e+04
1.013696915139086377e+04
1.014073763570420488e+04
1.006836018104928371e+04
1.011428375757489266e+04
1.009733988808268987e+04
1.012742118283243508e+04
1.014484545745879950e+04
1.007054256784794416e+04
1.006348255535729004e+04
1.013294746001387466e+04
1.007604633765196195e+04
1.012842028357600066e+04
1.014636922435945053e+04
1.014253320562433873e+04
1.012774999484457112e+04
1.013261519830294128e+04
1.011369833977083181e+04
1.006745498663821309e+04
1.007832927896680121e+04
1.012812748013639612e+04
1.010326871505262898e+04
1.011925744057626980e+04
1.012901053748103914e+04
1.012080254448101005e+04
1.011961711293329972e+04
1.009354346431851263e+04
1.010919089521303977e+04
1.011988498653300485e+04
1.005466059657985534e+04
1.006952374609044091e+04
1.009892480149563380e+04
1.010636280071177680e+04
1.012188549078596952e+04
1.011648207174015806e+04
1.007472027199614604e+04
1.006985472154171839e+04
1.006553294111849755e+04
1.006632023740519799e+04
1.006772505966081189e+04
1.010822062112153799e+04
1.007791664028376908e+04
1.004184454473282312e+04
1.008790553538284803e+04
1.006446418367518345e+04
1.004631658394780425e+04
1.004317206767798416e+04
1.008625830325499555e+04
1.010863558561998798e+04
1.011074914312261353e+04
1.008731843295807448e+04
1.004842857303542041e+04
1.003911701841749709e+04
1.005509278993390762e+04
1.004860046535578294e+04
1.010864710077050586e+04
1.006777922386453611e+04
1.010728606580162705e+04
1.006772729293840894e+04
1.004556374954442435e+04
1.003982562651254193e+04
1.004408596334211688e+04
1.007348763677126772e+04
1.009661520123899572e+04
1.004669661721742887e+04
1.009495781227200678e+04
1.008159907339864367e+04
1.004669442879385497e+04
1.006199604894214463e+04
1.006257861112980208e+04
1.006905071304388002e+04
1.009419916557146280e+04
1.003758176178805661e+04
1.007103992415788343e+04
1.002743646717888078e+04
1.003894606992740228e+04
1.011028479700075331e+04
1.002314845849757694e+04
1.002647400545172786e+04
1.007753680124326274e+04
1.007155777706917252e+04
1.008608450057524169e+04
1.008645326136544281e+04
1.009804594140402878e+04
1.005534830658357532e+04
1.010452513602117688e+04
1.002572543774490987e+04
1.008393690957666331e+04
1.001248728314638174e+04
1.008969553464885576e+04
1.003805978847762890e+04
1.008117078913259502e+04
1.004974320662403443e+04
1.004155181308170722e+04
1.001312122827283565e+04
1.003575537353481377e+04
1.008251402985147797e+04
1.002034215948120436e+04
1.007393310536268655e+04
1.001899071927598197e+04
1.000605798101916480e+04
1.003555094380815717e+04
1.004190006638711566e+04
1.007940293392989224e+04
1.001434072885910064e+04
1.001710185796165388e+04
1.008476147714728904e+04
1.002610356481579038e+04
1.005329408811700341e+04
1.006250511204544273e+04
1.005828995069739358e+04
1.001092026862414241e+04
1.004601027726418033e+04
1.006986573687258169e+04
1.004652428183095435e+04
1.001070387757202479e+04
1.005169632824720065e+04
9.996594805116403222e+03
1.008324210512510945e+04
1.002777316712067477e+04
1.006443251720188709e+04
1.002130377791725550e+04
1.004580681863073187e+04
1.004796321395419181e+04
1.003589465716642371e+04
1.001318388337734723e+04
1.001309756931502125e+04
1.006660902928858559e+04
9.990022920109990082e+03
1.004080564003571999e+04
1.008620957052191261e+04
1.006009664041301221e+04
9.989827330021746093e+03
1.002380840052509302e+04
1.003711551265187882e+04
1.005473126402765956e+04
9.992529200607568782e+03
9.999119488438716871e+03
1.000554733157976989e+04
1.006084628337578397e+04
9.985010194986220085e+03
1.004770593282292612e+04
1.007087385020514739e+04
1.006974357966375828e+04
1.001450673854348679e+04
1.006397453061491797e+04
9.975650354550727570e+03
1.004606320247163785e+04
1.007453193134585854e+04
1.004032791066340724e+04
1.006845547900434394e+04
1.002129669780683980e+04
1.005585988428750898e+04
1.001455408759110651e+04
1.006314423415909187e+04
1.003090555483350181e+04
9.967404067017081616e+03
1.002139416570837056e+04
1.004297175180538579e+04
1.005015783006727179e+04
1.004940295044045888e+04
1.003770836103138936e+04
1.001474427993949575e+04
9.974322518869146734e+03
9.976727987555672371e+03
9.979819141244144703e+03
1.002905398819142465e+04
9.967212072017131504e+03
1.005247564974446141e+04
9.990806507381270421e+03
1.004992906796210445e+04
9.965305785600650779e+03
1.004180580500409269e+04
9.979468328291082798e+03
1.005252795894009068e+04
1.001862010101568194e+04
1.003460803423696780e+04
1.002864275167914820e+04
9.975904172574846598e+03
9.971249291824598913e+03
9.956546182486781618e+03
1.001866524647274491e+04
9.978213825587163228e+03
1.004749910776270008e+04
1.001753487328494339e+04
9.988849284288682611e+03
9.974464364544684940e+03
1.002169294773584625e+04
1.000071351920363668e+04
9.982422801529288336e+03
1.000240901603284146e+04
9.994370758460276193e+03
1.001077129167807652e+04
9.954732476925570154e+03
9.982419900394448632e+03
1.002941759628666478e+04
9.941877792087760099e+03
1.000074939980894669e+04
1.003406215911720938e+04
9.956095370086435651e+03
9.946194886008828689e+03
1.000996534379578952e+04
9.962962829686039186e+03
9.997551001456266022e+03
1.002298095488201398e+04
9.935835722256373629e+03
9.951310581662262848e+03
1.003189431639035865e+04
9.967820861322914425e+03
9.955069131133875999e+03
1.002288305384337400e+04
1.001137525241271214e+04
1.001569717040114483e+04
9.967576895080695977e+03
1.001633941078801763e+04
9.987581041437329986e+03
9.968701989164494080e+03
1.001805491918164626e+04
9.941101917765867256e+03
9.964114622248522210e+03
9.984794842637833426e+03
9.994244852132369488e+03
9.933599182031599412e+03
9.949817848572840376e+03
9.990934467813376614e+03
9.969317994552273376e+03
1.002224173047163822e+04
9.944242149315190545e+03
9.973199194759217789e+03
9.997100574041791333e+03
1.000757758279192421e+04
9.969335633855753258e+03
1.001587778708265432e+04
9.966090977453888627e+03
9.928975405746299657e+03
9.923776502748482017e+03
9.930846638478611567e+03
9.937385017106722444e+03
9.971149100533950332e+03
9.915653310639512711e+03
9.957562978856267364e+03
9.949319617355404262e+03
9.991705953338214385e+03
9.953891906003884287e+03
1.000802240732422069e+04
9.987357374023202283e+03
9.951852358713644207e+03
9.958947746952353555e+03
9.921098575386107768e+03
9.939774431123594695e+03
9.912454900924296453e+03
9.946444725719413327e+03
9.985121812303465049e+03
9.948541396225788048e+03
9.922842596359774689e+03
9.984320887461541133e+03
9.943445443351994982e+03
9.959224168580711193e+03
9.947513313806239239e+03
9.909792228640772009e+03
9.990225760251187239e+03
9.972917977441469702e+03
9.920285404925465627e+03
1.000085991385445959e+04
9.963879855137945924e+03
9.987713553666404550e+03
9.927543158810458408e+03
9.960811778677007169e+03
9.929389831621689154e+03
9.902348771544870033e+03
9.927488097677809492e+03
9.925114546657394385e+03
9.984368634548616683e+03
9.899992189777338353e+03
9.922495169784029713e+03
9.969494587299745035e+03
9.988276368037137217e+03
9.966931493276199035e+03
9.967325340092473198e+03
9.938590668056578579e+03
9.958111663982081154e+03
9.935799042687969632e+03
9.900952413594057361e+03
9.893730770855479932e+03
9.981361413205320787e+03
9.896344487343762012e+03
9.892002322976892174e+03
9.898344330546886340e+03
9.940686355027926766e+03
9.964741974906635733e+03
9.949624992428085534e+03
9.958285980267217383e+03
9.956937311685640452e+03
9.958999057268738397e+03
9.895875755187231334e+03
9.891852255849255016e+03
9.947190836696438055e+03
9.891550810983608244e+03
9.970540309234213055e+03
9.886266073289545602e+03
9.901004922088099192e+03
9.962296832221569275e+03
9.961056587922617837e+03
9.900345652224788864e+03
9.916661106407138504e+03
9.874408345305540934e+03
9.947939374291252534e+03
9.898893788686875268e+03
9.868586048092585770e+03
9.959861265387782623e+03
9.897034611730421602e+03
9.869326976255422778e+03
9.875284218819246234e+03
9.947952575568118846e+03
9.882307463944323899e+03
9.868443588399584769e+03
9.952643404973037832e+03
9.915169998102466707e+03
9.900482587342894476e+03
9.863403536935746160e+03
9.922652728952727557e+03
9.941177077456222833e+03
9.942994747895949331e+03
9.871711232770616334e+03
9.885081368333880164e+03
9.866016594196516962e+03
9.858261915338869585e+03
9.899898861978550485e+03
9.920225117476960804e+03
9.885776526586780165e+03
9.946078566366923042e+03
9.923130578188993240e+03
9.926381857543728984e+03
9.874589500891508578e+03
9.920775606587814764e+03
9.898441384862893756e+03
9.931732021735046146e+03
9.881933102083357880e+03
9.860944579476125000e+03
9.882521758613358543e+03
9.880772628048893239e+03
9.859070844394003871e+03
9.934381388291365511e+03
9.868029115673676642e+03
9.875692013000032603e+03
9.875120409688675863e+03
9.862245727056861142e+03
9.935156104802341360e+03
9.925476028327380845e+03
9.925658657358413620e+03
9.902477044084485897e+03
9.891939849993608732e+03
9.902397468150173154e+03
9.901705103281274205e+03
9.886501754409408022e+03
9.865278896966712637e+03
9.902778915790137034e+03
9.847340022108672201e+03
9.878154735302690824e+03
9.903601738229523107e+03
9.923706772708712379e+03
9.850552273164752478e+03
9.896904773864082017e+03
9.884275819039641647e+03
9.893315321155600031e+03
9.891592699299661035e+03
9.841282039494755736e+03
9.929047556759629515e+03
9.882603333086541170e+03
9.868327539879661344e+03
9.846804804740027976e+03
9.839172552713898767e+03
9.927820310681358023e+03
9.917087275771338682e+03
9.915049146343260873e+03
9.862012166259524747e+03
9.880781158424208115e+03
9.834684944211643597e+03
9.924854095278073146e+03
9.894783531756293087e+03
9.834103518385001735e+03
9.901964941840973552e+03
9.875139745409462193e+03
9.887493979474060325e+03
9.874376160902826086e+03
9.915998644592205892e+03
9.863321497149216157e+03
9.876217800015328976e+03
9.852057435840995822e+03
9.845849602133414010e+03
9.894375362236591172e+03
9.847878533649969540e+03
9.862843331819562081e+03
9.832788958622362770e+03
9.905709927800375226e+03
9.912671058315641858e+03
9.880241490268610505e+03
9.901364829229694806e+03
9.878540679242853003e+03
9.832089783512512440e+03
9.899976070402241021e+03
9.823944061690190210e+03
9.883805291451513767e+03
9.840432397118665904e+03
9.843211636836354955e+03
9.893938998709370935e+03
9.856655830096102363e+03
9.865857966523150026e+03
9.873375879074859768e+03
9.869845738424395677e+03
9.851098746734767701e+03
9.838641568928347624e+03
9.880389005301871293e+03
9.836376373827697535e+03
9.813902326849512974e+03
9.825819893865495033e+03
9.831471699563000584e+03
9.841237560562371073e+03
9.885236157734861990e+03
9.829384880328598229e+03
9.816827395590440574e+03
9.881528476780653364e+03
9.882145486855886702e+03
9.810208355565475358e+03
9.889051620687016111e+03
9.828373311713379735e+03
9.886032316496146450e+03
9.827700932254463623e+03
9.861282302731380696e+03
9.810933419091068572e+03
9.837587018719326807e+03
9.808207836546354883e+03
9.882907834658690263e+03
9.821065027805843783e+03
9.862981475126052828e+03
9.875237798680835112e+03
9.884216850890183196e+03
9.813302124342661045e+03
9.849016614388690869e+03
9.807976640449467595e+03
9.811125880377676367e+03
9.801466841181116251e+03
9.814091928662537612e+03
9.840547219036823662e+03
9.829503272143783761e+03
9.876044837706029284e+03
9.827401021086308901e+03
9.810128153565618049e+03
9.800996298931169804e+03
9.874089385914832746e+03
9.809530382114824533e+03
9.853357237248477759e+03
9.826791613699444497e+03
9.866728964766043646e+03
9.812930808103084928e+03
9.840979410886002370e+03
9.835082826061718151e+03
9.853236324534103915e+03
9.803019374305013116e+03
9.811163575061962547e+03
9.851608519364132007e+03
9.793521475775472936e+03
9.827383564309642679e+03
9.854599954813316799e+03
9.837401425034660861e+03
9.846892357639009788e+03
9.837357430296146049e+03
9.801626911410141474e+03
9.829121298569425562e+03
9.797611090457643513e+03
9.820745335616202283e+03
9.795436281129599593e+03
9.825752670257001228e+03
9.790396722530849729e+03
9.792621226034916617e+03
9.861772524903757585e+03
9.835343997176398261e+03
9.812116059817073619e+03
9.801409036978786389e+03
9.804216454481527762e+03
9.804810837821416499e+03
9.807420472627036361e+03
9.816688749953884326e+03
9.827323408747288340e+03
9.856329421921587709e+03
9.815458886123973571e+03
9.811311706733144092e+03
9.857324851522205790e+03
9.828900829604061073e+03
9.803261929291127672e+03
9.839848650348440060e+03
9.834916122735699901e+03
9.840552108115185547e+03
9.829485784940457961e+03
9.834324413776354049e+03
9.817915397716202278e+03
9.850812905309421694e+03
9.834890378884421807e+03
9.804568918995899367e+03
9.813751802979766580e+03
9.843299485181029013e+03
9.833914845310680903e+03
9.833587128814733660e+03
9.836922678731467386e+03
9.821002018289769694e+03
9.841674849132945383e+03
9.797054434277060864e+03
9.801129039419054607e+03
9.807280341743817189e+03
9.781972325172853743e+03
9.793527472829475300e+03
9.820441659313557466e+03
9.840492855099269946e+03
9.809345380383088923e+03
9.845734619790242505e+03
9.824191321676566076e+03
9.785352895619269475e+03
9.836157350385286918e+03
9.823625000549423930e+03
9.823662064404967168e+03
9.833724190788736450e+03
9.789960194320998198e+03
9.798284437125876138e+03
9.818287774488175273e+03
9.809064682329079005e+03
9.790862520936192595e+03
9.840372237166882769e+03
9.774715253257239965e+03
9.828245626862335484e+03
9.810063116640041699e+03
9.787110735822025163e+03
9.789759387170124683e+03
9.817536641776006945e+03
9.780798798037414599e+03
9.806771494433838598e+03
9.779644980956860309e+03
9.784061980759062862e+03
9.814784419737936332e+03
9.777681196929956059e+03
9.772746113334638721e+03
9.829931172428563514e+03
9.795155718477604751e+03
9.798981972007735749e+03
9.817980928482013042e+03
9.810085697546290248e+03
9.826356905200062101e+03
9.783487323994160761e+03
9.802763478015793225e+03
9.783368039133807542e+03
9.781276810952129381e+03
9.781880203567527133e+03
9.770429100487421238e+03
9.790228294451275360e+03
9.802488476618997083e+03
9.767047207386727678e+03
9.771127023595687206e+03
9.771550044751789756e+03
9.788664604972851521e+03
9.785051703694465687e+03
9.808323334006954610e+03
9.778601306296050097e+03
9.818009784671321540e+03
9.807382043726138363e+03
9.788067607317916554e+03
9.770389634240083979e+03
9.776337771932752730e+03
9.775896911955715041e+03
9.783964832894438587e+03
9.780667437629535925e+03
9.779256299068756562e+03
9.801023753986426527e+03
9.784528367559996695e+03
9.783093787875683120e+03
9.766242812338430667e+03
9.795478126907446494e+03
9.767733392346186520e+03
9.804874423689088871e+03
9.789026821238454431e+03
9.800387838724356698e+03
9.767015751246135551e+03
9.797846568990324158e+03
9.812244251348467515e+03
9.769040325128418772e+03
9.766166871907191307e+03
9.792131915049851159e+03
9.788306922981271782e+03
9.790569172513953163e+03
9.778665959988409668e+03
9.764960660525222920e+03
9.787107384411607200e+03
9.804851009345034981e+03
9.762358002299562941e+03
9.778912865884134590e+03
9.802722138769797311e+03
9.800054426819848231e+03
9.765519546112309399e+03
9.763178812632409972e+03
9.780717754820774644e+03
9.765359056861398130e+03
9.798622898465306207e+03
9.791915118833132510e+03
9.782769501195962221e+03
9.769481226173251343e+03
9.797161607361409551e+03
9.792581337368417735e+03
9.776024124474555720e+03
9.783426132211669028e+03
9.768640800984456291e+03
9.793886869527026647e+03
9.761220834670799377e+03
9.796143177689165896e+03
9.765518574159681521e+03
9.765293823228248584e+03
9.769071529150440256e+03
9.757037430635804412e+03
9.766803328651640186e+03
9.784115874361910755e+03
9.756266716219752198e+03
9.759870371373890521e+03
9.779102907924234387e+03
9.773128713913223692e+03
9.792657401193919213e+03
9.753289689016641205e+03
9.778413754319655709e+03
9.758992926055123462e+03
9.770588639604435230e+03
9.786314458976796232e+03
9.781121132721615140e+03
9.774908751716769984e+03
9.791257982515053300e+03
9.786144924059501136e+03
9.790567632993219377e+03
9.760350369343866987e+03
9.769143847166697014e+03
9.764928531662497335e+03
9.759355057400372971e+03
9.789858907874946453e+03
9.750982575985859512e+03
9.750707643985697359e+03
9.778973995103151537e+03
9.775307124204331558e+03
9.762582087989407228e+03
9.751526976114822901e+03
9.776639328521785501e+03
9.770153251448949959e+03
9.784623514170220005e+03
9.784259308846496424e+03
9.749985629450227862e+03
9.782140248919484293e+03
9.757639208071625035e+03
9.750266588645541560e+03
9.770876405798022461e+03
9.781164872309473139e+03
9.779693929006767576e+03
9.748531480859694057e+03
9.761612170867425448e+03
9.760697548163412648e+03
9.764244094717163534e+03
9.761887502362247687e+03
9.765318613614130300e+03
9.774659170662882389e+03
9.751462449939339422e+03
9.755557901259418941e+03
9.751324666406873803e+03
9.748564114450591660e+03
9.779222277459961333e+03
9.751831770570464869e+03
9.763935109011683380e+03
9.775450273400518199e+03
9.755706340158272724e+03
9.751527434017563792e+03
9.748308178928575217e+03
9.755397445278005762e+03
9.768862177119090120e+03
9.752919221567035493e+03
9.754812067779392237e+03
9.776771059810924271e+03
9.753117111541494523e+03
9.769641471304010338e+03
9.754448241977454018e+03
9.769399627682341816e+03
9.747085232271107088e+03
9.748155246903803345e+03
9.761366939587862362e+03
9.750907109563988342e+03
9.752622276052530651e+03
9.765017578373113793e+03
9.760246304235508433e+03
9.749694854018938713e+03
9.758546105777106277e+03
9.759733316032641596e+03
9.754567856276842576e+03
9.758237787170108277e+03
9.755025728765884196e+03
9.752080180858845779e+03
9.757795507759428801e+03
9.751356655013083582e+03
9.750055608426533581e+03
9.756206742064148784e+03
9.746130734402453527e+03
9.752317001559846176e+03
9.747831956416901448e+03
9.756982598636966941e+03
9.754834209213222493e+03
9.746319279007875593e+03
9.748491670367404367e+03
9.751132725237976047e+03
9.748470858704755301e+03
9.754806837621932573e+03
9.753742482533856673e+03
9.757282771523925476e+03
9.747590940654674341e+03
9.753097739765589722e+03
9.748150671341978523e+03
9.758508043002437262e+03
9.746311875860983491e+03
9.746225499726220733e+03
9.746385053122103272e+03
9.746375705497222953e+03
9.751718953275889362e+03
9.752675895597290946e+03
9.751661459185057538e+03
9.746216623867037924e+03
9.755197607349577083e+03
9.747752167006809032e+03
9.746237875336473735e+03
9.746239807234716864e+03
9.747453689023283005e+03
9.748117790730640991e+03
9.747037657568471332e+03
9.748354402459166522e+03
9.747437537306957893e+03
9.746358721534546930e+03
9.748783550353691680e+03
9.747881868800279335e+03
9.747552260587193814e+03
9.748993697899491963e+03
9.746566324046998488e+03
9.748140203208980893e+03
9.746469604609419548e+03
9.746591187761418041e+03
9.746936893795065771e+03
9.746656011586032037e+03
9.751506264114494115e+03
9.747051083016154735e+03
9.748210831471922575e+03
9.754551978523790240e+03
9.751850929593112596e+03
9.752282952224439214e+03
9.746919742092646629e+03
9.746474257343745194e+03
9.754004459403626242e+03
9.746915580008891993e+03
9.748832882489752592e+03
9.747260294831252395e+03
9.747019804099152680e+03
9.746607109083992327e+03
9.746592801514585517e+03
9.747122926116109738e+03
9.746780371302769709e+03
9.748881193121442266e+03
9.746684685556321710e+03
9.750353072270172561e+03
9.746725388635397394e+03
9.748952912151269629e+03
9.746591350021737526e+03
9.747016796293504740e+03
9.746589618841047923e+03
9.751764635964116678e+03
9.749989663270302117e+03
9.747343569656712134e+03
9.750681502409850509e+03
9.751764640478933870e+03
9.748864976345732430e+03
9.749675183282235594e+03
9.748951409564640926e+03
9.751656134672946791e+03
9.748031093365772904e+03
9.750162608810915117e+03
9.746695473584757565e+03
9.747173479446813872e+03
9.748423739615673185e+03
9.746949187925785736e+03
9.747417007512533019e+03
9.746865570876649144e+03
9.747503404635224797e+03
9.746838552129895106e+03
9.746852666604077967e+03
9.747947995783439183e+03
9.750245451137774580e+03
9.748746211916552056e+03
9.746763561046907853e+03
9.748344061960509862e+03
9.752954294423418105e+03
9.748000335874132361e+03
9.746765708248165538e+03
9.747803247104246111e+03
9.749303073027693245e+03
9.747264223664818928e+03
9.748577700090136204e+03
9.747490191197413878e+03
9.755115263138641239e+03
9.748924308923291392e+03
9.754370228223720915e+03
9.755430154005853183e+03
9.748756533323983604e+03
9.754164993084179514e+03
9.751686599035363542e+03
9.748249870379580898e+03
9.748782405916075732e+03
9.747239018813197617e+03
9.751230033341289527e+03
9.749210942418969353e+03
9.750620226523649762e+03
9.749147229014595723e+03
9.752920774050164255e+03
9.747628331002053528e+03
9.747618465778246900e+03
9.747252805253685437e+03
9.747003990449751655e+03
9.748305691779700282e+03
9.750671881622789442e+03
9.746943976498874690e+03
9.750804676802472386e+03
9.761483525998104597e+03
9.752558529744868792e+03
9.748317244693625980e+03
9.747801220309796918e+03
9.753051805038587190e+03
9.747783667216848698e+03
9.751981283953509774e+03
9.760459975046511317e+03
9.747249696655428124e+03
9.747207830229886895e+03
9.748030705751045389e+03
9.753729040878213709e+03
9.752234972818290771e+03
9.755031750264377479e+03
9.759198755781540967e+03
9.751190957654245722e+03
9.747801628767232614e+03
9.754425104760903196e+03
9.761364470931737742e+03
9.750930603343222174e+03
9.748333157735749410e+03
9.748051514381233574e+03
9.750567758979532300e+03
9.747431303496929104e+03
9.747438933862726117e+03
9.747456022768992625e+03
9.747450530305139182e+03
9.766493535315499685e+03
9.747144027459688004e+03
9.760438179417273204e+03
9.749186984338892216e+03
9.751161669532337328e+03
9.755928212087959764e+03
9.757227819995510799e+03
9.752487619378465752e+03
9.752926826275013809e+03
9.750353384585676395e+03
9.760240617196390303e+03
9.751937209940160756e+03
9.751342370308422687e+03
9.759387493974443714e+03
9.771874571757885860e+03
9.749292638120532501e+03
9.749617283417825092e+03
9.749326906094882361e+03
9.752209297627216074e+03
9.752539646640138017e+03
9.770852673809795306e+03
9.775166434826911427e+03
9.751328252391494971e+03
9.758530549669247193e+03
9.764473167289930643e+03
9.776330124789172260e+03
9.749585946733004675e+03
9.754680771337269107e+03
9.757864235867155003e+03
9.771849260770813999e+03
9.750747483421904690e+03
9.751226539647121172e+03
9.764777941633174123e+03
9.760715357030840096e+03
9.761574911574056387e+03
9.761910323593523572e+03
9.763867808000053628e+03
9.783161268421656132e+03
9.763768694152890021e+03
9.777054827488211231e+03
9.778790366915354753e+03
9.755382904648377007e+03
9.752030138461350361e+03
9.758494961071552098e+03
9.759324882759585307e+03
9.782904065784256090e+03
9.760200116933257959e+03
9.767341365279153251e+03
9.771987162925815937e+03
9.783799450124208306e+03
9.754520057936328158e+03
9.785345868905071256e+03
9.777457770989005439e+03
9.771136795340720710e+03
9.762946425137850383e+03
9.753251863612415036e+03
9.780167378435995488e+03
9.786190949259227637e+03
9.755509640637879784e+03
9.793978162976292879e+03
9.786036186804560202e+03
9.772338707309405436e+03
9.769695311493824192e+03
9.773052037798373931e+03
9.754438634204738264e+03
9.769483401893518021e+03
9.789837406849974286e+03
9.754592768901089585e+03
9.764827646497949900e+03
9.764256689719186397e+03
9.770627424171430903e+03
9.778727756937500089e+03
9.764085800547643885e+03
9.768952075777382561e+03
9.791361156852564818e+03
9.794155747642327697e+03
9.788115969112050152e+03
9.756598929318910450e+03
9.782082736683614712e+03
9.784989082282309028e+03
9.770429171205227249e+03
9.787933562627080391e+03
9.777457614432758419e+03
9.759244070542023110e+03
9.761598213750823561e+03
9.762179759436594395e+03
9.775090844381260467e+03
9.788125780515962106e+03
9.795477131936793739e+03
9.783582867049804918e+03
9.771429514738387297e+03
9.800087142642150866e+03
9.762104460943806771e+03
9.791267806106632634e+03
9.765535551839811887e+03
9.761822011534684862e+03
9.816216798233943337e+03
9.777056497358104025e+03
9.808001593163513462e+03
9.813616986176168211e+03
9.784036942107770301e+03
9.800000347327119016e+03
9.814336958057700031e+03
9.776375109538139441e+03
9.790485560270049973e+03
9.787398444358075722e+03
9.782490469756383391e+03
9.781158928544249648e+03
9.821199720074744619e+03
9.810961163667896471e+03
9.767749241001813061e+03
9.770529216618571809e+03
9.777255734782716900e+03
9.790558435856013602e+03
9.809483940930789686e+03
9.769333415804188917e+03
9.775284129138177377e+03
9.808010227819373540e+03
9.818860394713521600e+03
9.774164493740450780e+03
9.810577708906670523e+03
9.821618673090706579e+03
9.776307299211819554e+03
9.782712275696305369e+03
9.830953168168181946e+03
9.827752815835085130e+03
9.774067276036574185e+03
9.812950418516544232e+03
9.788401564004052489e+03
9.801186424694842572e+03
9.791727472203898287e+03
9.801957447309578129e+03
9.807854469290181441e+03
9.823525102059331402e+03
9.830167348782366389e+03
9.806228825240648803e+03
9.818150678292582597e+03
9.790309221655925285e+03
9.813767628029054322e+03
9.798688631039034590e+03
9.838893277785826285e+03
9.793190796955217593e+03
9.819422852527543000e+03
9.825918342211600248e+03
9.796674657373725495e+03
9.803576263899767582e+03
9.835311730280907796e+03
9.784305973553380682e+03
9.814707431206636102e+03
9.786067595080075989e+03
9.828608768223075458e+03
9.806764132746995529e+03
9.839425562502769026e+03
9.791234810247347923e+03
9.828365028081176206e+03
9.795642936572367034e+03
9.806759684783055491e+03
9.808353188630102522e+03
9.802911048506794032e+03
9.785960295924343882e+03
9.815447473377309507e+03
9.801534246040358994e+03
9.820272063109605369e+03
9.817308084798738491e+03
9.846186579324372360e+03
9.795023753627287078e+03
9.800731779075382292e+03
9.829554842529658345e+03
9.837785669185757797e+03
9.813740731542753565e+03
9.809341691769803219e+03
9.820141947732863628e+03
9.798489635323356197e+03
9.831430375335061399e+03
9.836184106011400218e+03
9.790659670876086238e+03
9.808148611034022906e+03
9.803680321267460386e+03
9.811468233127552594e+03
9.805898879905131253e+03
9.800115580331157616e+03
9.792868399613003930e+03
9.859976544469789587e+03
9.836364675018203343e+03
9.854277552550349355e+03
9.824484590946989556e+03
9.791788101257863673e+03
9.800269229594652643e+03
9.849327546484524646e+03
9.816350215954558735e+03
9.794159076731344612e+03
9.829271222192081041e+03
9.814991666103715033e+03
9.825313238452201404e+03
9.869577935426916156e+03
9.851494416130461104e+03
9.861640665527474994e+03
9.825324883821111143e+03
9.817405317580281917e+03
9.847945231102929029e+03
9.844423217324740108e+03
9.817530690802537720e+03
9.802497810921669952e+03
9.814652219655448789e+03
9.851779801644097461e+03
9.873055924854270415e+03
9.842626352009681796e+03
9.823265202927806968e+03
9.849425837284326917e+03
9.879000923471381611e+03
9.827074861297212919e+03
9.800440152132960066e+03
9.814746239491147207e+03
9.879213532038646008e+03
9.850322576195359943e+03
9.852954099128201051e+03
9.816933850734101725e+03
9.851706207333982093e+03
9.882945190492748225e+03
9.822193931851401430e+03
9.835563686597228298e+03
9.817698235005998868e+03
9.848891056176824350e+03
9.819468836953006758e+03
9.811170473031103029e+03
9.809708498499010602e+03
9.819133297569671413e+03
9.884214273921381391e+03
9.820845421666366747e+03
9.879860556385303425e+03
9.855015289305238184e+03
9.866702079270879040e+03
9.814235946140710439e+03
9.841168175998518564e+03
9.816432993390453703e+03
9.842562177041516406e+03
9.882889857000525808e+03
9.862098215026826438e+03
9.830465110927141723e+03
9.873020399908107720e+03
9.865278026030036926e+03
9.841654758892686004e+03
9.817821569542969883e+03
9.898582019210676663e+03
9.871651836635930522e+03
9.851478501789817528e+03
9.823653691215449726e+03
9.870187782511557089e+03
9.835358361927266742e+03
9.896148393458917781e+03
9.852653841693438153e+03
9.881719660133290745e+03
9.830881797727737649e+03
9.833148109371746614e+03
9.847823634207372379e+03
9.830502142368804925e+03
9.877387171024303825e+03
9.838491601955453007e+03
9.824915217906156613e+03
9.865012784802373062e+03
9.865323463433447614e+03
9.859180497949897472e+03
9.825924397175609556e+03
9.828069807532961931e+03
9.831329597898336942e+03
9.906511940413829507e+03
9.848702214055589138e+03
9.871510852880272068e+03
9.886969337666661886e+03
9.904844793701076924e+03
9.892728808575375297e+03
9.856279638026326211e+03
9.848569684629528638e+03
9.885818842456157654e+03
9.861825362698857134e+03
9.903355227941759949e+03
9.846138848432876330e+03
9.877599860563204857e+03
9.896628302595443529e+03
9.837859381436837793e+03
9.902240183192547192e+03
9.849310031124136003e+03
9.918713385319551890e+03
9.855716013371757072e+03
9.911825683485212721e+03
9.894873234084685464e+03
9.931327217010510140e+03
9.878495028938774340e+03
9.897690558510843402e+03
9.875047277743768063e+03
9.879963135333222453e+03
9.876319632319400625e+03
9.933310549226696821e+03
9.937201326836842782e+03
9.941545075510532115e+03
9.928258878091231963e+03
9.884931125895016521e+03
9.853548475309853529e+03
9.858084739774256377e+03
9.913578829337151546e+03
9.858030150558804962e+03
9.945388158419476895e+03
9.872505234995409410e+03
9.887686531760726211e+03
9.935936868375078120e+03
9.914250889665048817e+03
9.941923727660092482e+03
9.892579602011202951e+03
9.892982223413519023e+03
9.899961624199124344e+03
9.894750221790714932e+03
9.907904757964619421e+03
9.931341592680524627e+03
9.941180475591769209e+03
9.958724119606011300e+03
9.870009634648491556e+03
9.925776585523779431e+03
9.893062337998979274e+03
9.869144238333288740e+03
9.934786353830948428e+03
9.876520490861028520e+03
9.950215823441660177e+03
9.911925287887352169e+03
9.959155089976295130e+03
9.874079705359281434e+03
9.904793035462707849e+03
9.879065419684566223e+03
9.893012577960915223e+03
9.963770052053509062e+03
9.962695274916510243e+03
9.947122394510548474e+03
9.926761465866766230e+03
9.962235465511690563e+03
9.966615127912295065e+03
9.927547625826664444e+03
9.917733822220421644e+03
9.885518822598394763e+03
9.945440502258908964e+03
9.910221043751944308e+03
9.968381876224482767e+03
9.898468989066306676e+03
9.974265026608843982e+03
9.919899618455274322e+03
9.959888360522185394e+03
9.901742198746949725e+03
9.978554288417095449e+03
9.926999882037065618e+03
9.898533840840389530e+03
9.916432845436840580e+03
9.903025380863618921e+03
9.908969896169464846e+03
9.930063979516356994e+03
9.923518405008802802e+03
9.954804278990368402e+03
9.977988398920508189e+03
9.909604025443066348e+03
9.933403635071372264e+03
9.969933872463674561e+03
9.921671519192812411e+03
9.938665533721263273e+03
9.907560198042798220e+03
9.964826508533953529e+03
9.958784088595697540e+03
9.932326718533873645e+03
9.967736849976936355e+03
9.901582740649419065e+03
9.967709706302845007e+03
9.971891387082878282e+03
9.934748395544404048e+03
9.934366644082338098e+03
9.945005713397586078e+03
9.961125312210950142e+03
