9.960565864876150954e+03
9.978850866675036741e+03
9.993049968739451288e+03
1.001015947681659054e+04
1.000307849063264257e+04
9.961948148310731995e+03
9.958486589647563960e+03
9.977924824012285171e+03
1.001181502853145139e+04
1.000580271013712445e+04
9.961631483848845164e+03
9.966920247787835251e+03
9.986019945525174990e+03
1.000628516966778807e+04
1.001027367294538271e+04
9.977878094980789683e+03
9.992899807215973851e+03
1.001973332029330959e+04
1.002593034635861477e+04
1.000975982166185531e+04
9.968140630124786185e+03
9.977763163469968276e+03
9.986372239509790234e+03
1.002375402271601888e+04
9.982414292845734963e+03
9.977711226912108032e+03
1.001636159672589383e+04
1.001961945452586224e+04
1.002366185220005536e+04
9.994657863828970221e+03
1.001408630057085975e+04
9.971203136208167052e+03
9.999286865258825856e+03
1.002963568536843195e+04
1.000322804305159298e+04
1.001767824100097641e+04
9.982647846261394079e+03
1.001922796980410567e+04
1.001736942501171688e+04
1.000938314499157423e+04
9.982568314125572215e+03
1.002658234826334410e+04
1.000686419004675554e+04
9.987831195623130043e+03
1.004037149186804891e+04
1.002320278640912875e+04
1.001396787545685947e+04
1.001998832678890540e+04
9.991620754314048099e+03
9.989206410927254183e+03
1.001927155933089671e+04
1.001636463676338280e+04
1.004394794286460274e+04
1.000408910350195765e+04
1.001608103526906598e+04
1.005679943006248141e+04
1.001451141724537229e+04
1.000780957888022385e+04
1.002920250107110951e+04
9.998016625314041448e+03
1.002563788919038234e+04
1.002873291633953522e+04
1.003535534490296959e+04
1.006455151658486830e+04
1.002945816797187581e+04
1.001877388731421343e+04
1.001849506456376912e+04
1.005963428652806215e+04
1.005725257998783854e+04
1.002867839116971118e+04
1.002675706411214378e+04
1.005947233601687731e+04
1.001660705686852089e+04
1.001946410260275843e+04
1.005724725597381075e+04
1.001375381979929261e+04
1.002394756581777438e+04
1.007183907472675673e+04
1.007098774619681899e+04
1.004744530588521775e+04
1.002153994684608006e+04
1.007987186040762754e+04
1.003274048005782060e+04
1.008229631739534852e+04
1.004769038436445589e+04
1.008226656357178399e+04
1.002601825430977806e+04
1.003097453337903426e+04
1.005613404796419309e+04
1.008276454261061917e+04
1.008132509176920939e+04
1.004733827882951482e+04
1.006683027293861232e+04
1.008284810819908125e+04
1.009107578341298722e+04
1.005008440710476134e+04
1.008307003149967750e+04
1.007905303465735415e+04
1.007100833406821585e+04
1.005384887508564680e+04
1.004978929273856738e+04
1.005245620889175370e+04
1.005393853349122764e+04
1.008023115724677336e+04
1.008457223199659711e+04
1.009805155593591371e+04
1.009167532936653151e+04
1.009447770471436525e+04
1.005240564462346447e+04
1.007027177222936552e+04
1.008003827379073300e+04
1.006481494267328890e+04
1.008795136899072895e+04
1.010298304396210369e+04
1.006201761223829453e+04
1.005348268472214295e+04
1.007887859607788232e+04
1.004977394469594037e+04
1.007595770750419615e+04
1.009809578280785354e+04
1.007961472121759107e+04
1.005301547597269928e+04
1.006515984160898370e+04
1.009929277984344299e+04
1.007711367228302151e+04
1.006907305541640380e+04
1.007015047701478397e+04
1.007431259612571921e+04
1.006692655124382691e+04
1.009831783650249781e+04
1.007247053149844578e+04
1.009018986224497166e+04
1.006629056479920473e+04
1.011411161516876018e+04
1.008655188948132491e+04
1.011109297551697455e+04
1.008733299562934189e+04
1.006821206403799806e+04
1.007600547028898291e+04
1.007098204132612955e+04
1.007641649244608197e+04
1.011006706151578328e+04
1.009464095321758759e+04
1.008862106079173100e+04
1.008667943448280494e+04
1.008561310021999634e+04
1.012480520308631640e+04
1.008580616098869359e+04
1.012360775561451010e+04
1.008939769111223359e+04
1.009826855561165939e+04
1.011266041926987418e+04
1.009690765281267159e+04
1.011463200941446121e+04
1.010410076360831044e+04
1.009584746340549282e+04
1.010670742895604053e+04
1.010570753115345542e+04
1.009704003324627047e+04
1.010179497053308842e+04
1.013090234687377779e+04
1.011370967204476437e+04
1.008498980756367382e+04
1.009255728345771058e+04
1.011879550035778448e+04
1.013052623222155307e+04
1.009792245704184461e+04
1.009013716172557542e+04
1.009460027220359552e+04
1.010678842583204460e+04
1.010425312919053431e+04
1.011631077708919838e+04
1.012853359582941812e+04
1.010454519089237510e+04
1.012441726510068111e+04
1.009649112205341044e+04
1.009408831107518927e+04
1.012774542798940274e+04
1.011582337437910428e+04
1.011157319196982098e+04
1.009854002833838967e+04
1.012015768550837311e+04
1.012103967603037381e+04
1.010808474471975569e+04
1.012663655881857449e+04
1.013412405509779455e+04
1.010254380251355178e+04
1.013405457156829834e+04
1.013676405211750171e+04
1.011379295456014552e+04
1.013267733181181757e+04
1.010475266559150077e+04
1.013958258004735944e+04
1.011751937868082314e+04
1.012778814901493570e+04
1.012785957083159337e+04
1.010797238139151341e+04
1.013688863279371071e+04
1.011987357160596912e+04
1.012462584608678117e+04
1.013231438311907004e+04
1.011747369092266126e+04
1.012290768308618317e+04
1.013750283400084663e+04
1.013062087125067410e+04
1.014630358166708902e+04
1.014593511922154903e+04
1.012116393175982921e+04
1.013225643711434168e+04
1.013016211530685723e+04
1.012414799264744943e+04
1.013851088789095957e+04
1.014884438163680352e+04
1.013994473724821182e+04
1.012325799076586190e+04
1.013779120161826177e+04
1.012539200838607576e+04
1.012597221316648574e+04
1.014905451705746418e+04
1.012900695873659060e+04
1.014302451741886762e+04
1.013255541480424108e+04
1.013403742566375513e+04
1.012197322510820050e+04
1.014388047447460121e+04
1.015163517422167934e+04
1.015137194953741891e+04
1.015039582869080914e+04
1.013789191365400620e+04
1.014578522147859076e+04
1.014458150460787874e+04
1.014334210904290740e+04
1.015386122811353744e+04
1.013026929438662046e+04
1.014498145268504777e+04
1.014603609223649073e+04
1.012939465566444051e+04
1.013232163074067830e+04
1.015132591231352126e+04
1.015374522237989913e+04
1.013472446254790702e+04
1.015477963774291129e+04
1.013903894330657749e+04
1.015069666340034746e+04
1.014248047955657603e+04
1.015573956211955010e+04
1.013384355371877245e+04
1.015343758416679157e+04
1.014848447797184781e+04
1.015040499257322153e+04
1.015283287396254491e+04
1.015592046277062218e+04
1.014149936170137516e+04
1.014969312543203341e+04
1.013687168524180015e+04
1.014374303901596795e+04
1.013874305950051166e+04
1.015505054320497948e+04
1.015600361730987970e+04
1.014226393738014849e+04
1.014020762971024124e+04
1.014272397810930670e+04
1.013883654527634826e+04
1.014416057293417725e+04
1.015606320484895878e+04
1.015138765720936681e+04
1.014860029587339159e+04
1.014902297324996289e+04
1.015653643922840638e+04
1.014320062646482620e+04
1.015309112544312302e+04
1.014841368060985224e+04
1.015244504112654977e+04
1.014479477806672367e+04
1.015700108970924339e+04
1.014563769487019454e+04
1.015511883645494163e+04
1.014515513695386835e+04
1.014698512754423064e+04
1.014990059853875027e+04
1.015573326416830423e+04
1.014584362659904036e+04
1.015298321535846117e+04
1.015387306910024199e+04
1.015546526308860484e+04
1.015659821821218611e+04
1.015683680660140635e+04
1.015040580458863406e+04
1.015094927115113569e+04
1.015066246159692309e+04
1.015669560368833845e+04
1.014614290545750737e+04
1.015662567505729930e+04
1.015516722386735455e+04
1.015553524776886115e+04
1.015430713899223520e+04
1.015627108159214367e+04
1.015641814386594888e+04
1.015641158814978917e+04
1.015563252859922977e+04
1.015629757745945608e+04
1.014830267323069347e+04
1.015623568090007757e+04
1.015518854678044045e+04
1.015618350648628257e+04
1.014969212622730265e+04
1.015628352062933664e+04
1.014974327407949568e+04
1.015552752832788974e+04
1.015511938234275294e+04
1.015006453585828240e+04
1.015593332105589616e+04
1.015590246808577467e+04
1.015567816215780294e+04
1.015562547219649969e+04
1.015420695142289151e+04
1.015574108720964614e+04
1.015519331537531980e+04
1.015266588948174649e+04
1.015334973134371285e+04
1.015240101758514538e+04
1.015512012673879872e+04
1.015361046957657891e+04
1.015435826429767985e+04
1.015527428827147742e+04
1.015411642750277133e+04
1.015521223143174211e+04
1.015494942564678968e+04
1.015503133747901484e+04
1.014961430485778146e+04
1.014888020268236505e+04
1.015404482188698603e+04
1.015221197105194733e+04
1.015407971904733495e+04
1.015482137635348408e+04
1.015335389401286193e+04
1.015013797895399148e+04
1.015339884984134551e+04
1.015452852816994346e+04
1.014424515931488349e+04
1.015431222707065172e+04
1.015122861315854061e+04
1.014354864241463838e+04
1.015021820237598513e+04
1.014925825826593609e+04
1.015280583256721366e+04
1.014578607113211001e+04
1.015001527230642569e+04
1.015118301471159612e+04
1.014268420427891760e+04
1.015195736976359331e+04
1.015338255428340563e+04
1.014040554330715713e+04
1.014664765900379098e+04
1.015253261287878559e+04
1.014984850772831851e+04
1.015096083175957756e+04
1.014909710092324713e+04
1.014401901315886244e+04
1.014850491047302057e+04
1.013937725415400382e+04
1.015268170166714845e+04
1.014893704202931622e+04
1.014173921577466535e+04
1.013351556426153002e+04
1.014562609705225805e+04
1.014839120449832808e+04
1.014721641705745606e+04
1.015135041815191471e+04
1.014326809289312951e+04
1.014826295494032820e+04
1.015124476928560216e+04
1.013887931077649228e+04
1.014928204851982446e+04
1.014169750853971527e+04
1.014654661904832938e+04
1.013475268765749570e+04
1.014908959953512749e+04
1.014179605782405997e+04
1.013285025763168778e+04
1.013185052717942381e+04
1.013604966384062755e+04
1.013325744242863584e+04
1.013898762599536713e+04
1.013919276883396378e+04
1.013507907893369338e+04
1.013792175090656565e+04
1.014077311036665196e+04
1.014838588978961525e+04
1.013333578350529569e+04
1.014446396943592845e+04
1.013370482242215985e+04
1.014182614531089894e+04
1.014231972012392907e+04
1.014243022199546976e+04
1.011912453935270241e+04
1.014709580285131233e+04
1.014335169438605408e+04
1.014406412536137759e+04
1.011786080299175774e+04
1.012233499763061991e+04
1.013822076655353703e+04
1.013636249955302810e+04
1.014182711618251960e+04
1.013095501565286941e+04
1.012673429614713677e+04
1.012775670119138158e+04
1.013494118029323727e+04
1.012681130846963788e+04
1.013613761367313600e+04
1.010889888507379328e+04
1.013164173188109999e+04
1.010882249904835771e+04
1.013105582279954069e+04
1.011804016447365939e+04
1.012841505986096126e+04
1.013400799243437541e+04
1.013157514440899104e+04
1.013294265945303778e+04
1.011222961498967561e+04
1.010848241697842786e+04
1.012810120231937071e+04
1.011502894731089509e+04
1.013024751213899981e+04
1.009823780597738551e+04
1.010030648761105476e+04
1.011351783120257824e+04
1.011103483716706251e+04
1.012128865977057467e+04
1.012241993002200797e+04
1.011105354518835702e+04
1.010760191916846270e+04
1.011610758541542418e+04
1.009530920078356758e+04
1.011961595604058675e+04
1.009016835924861516e+04
1.010066664481039334e+04
1.010673036461156880e+04
1.010426538592513134e+04
1.011123983638713253e+04
1.008696145711844292e+04
1.009756958704614590e+04
1.011581490693683554e+04
1.011418143394245817e+04
1.008925620033776431e+04
1.009152406129692099e+04
1.009445175353284503e+04
1.008211850820243853e+04
1.010067360472938344e+04
1.010080604671457513e+04
1.008735262101163062e+04
1.012118766030892948e+04
1.009087142062506973e+04
1.011070260193364811e+04
1.009775771763542980e+04
1.007528814253022028e+04
1.007488104623529580e+04
1.009203905666962419e+04
1.011825155967745559e+04
1.008953563288522673e+04
1.009390468439256802e+04
1.010457651100115618e+04
1.010419626446373513e+04
1.011537264491894894e+04
1.008794920580123107e+04
1.010355338527058302e+04
1.010878396139494907e+04
1.008462384279832986e+04
1.010689501913147615e+04
1.009011271422439859e+04
1.007276496962771489e+04
1.009877168916483606e+04
1.010199169710735077e+04
1.007423564884959524e+04
1.008009369262497785e+04
1.006779599962898465e+04
1.006265280565243847e+04
1.007872174701843323e+04
1.009788892553377991e+04
1.006059823566611703e+04
1.010140675802648366e+04
1.007311792056520608e+04
1.009379006294665851e+04
1.007801939097305149e+04
1.007242042372605647e+04
1.007818126604752251e+04
1.006124908234322356e+04
1.010506964931101174e+04
1.008917765644427527e+04
1.007984346007867134e+04
1.006170046994766381e+04
1.009344917641197026e+04
1.005224513639370707e+04
1.007088586055239284e+04
1.008786124922065937e+04
1.004988842094129541e+04
1.006091975946636558e+04
1.008955188961851854e+04
1.008100424017616569e+04
1.005290945533626109e+04
1.004972660631963845e+04
1.009492388142808522e+04
1.007396902703612977e+04
1.004440304571052184e+04
1.008022199176552203e+04
1.004883610016181592e+04
1.003961678326752553e+04
1.005583556267796666e+04
1.004942542161850179e+04
1.006251218277097178e+04
1.008434450728377669e+04
1.003864203545123746e+04
1.005682105317155583e+04
1.006613948277135569e+04
1.006041874979668137e+04
1.005527197425081067e+04
1.005633899272471172e+04
1.005815705593954590e+04
1.007122397708012795e+04
1.002689881893069833e+04
1.005612342778793573e+04
1.003367296189961053e+04
1.002979039931502848e+04
1.003995274127406083e+04
1.002832334236760107e+04
1.004843842994505576e+04
1.004050252865092625e+04
1.006484065556585847e+04
1.006558719101582756e+04
1.003862751866214421e+04
1.003150035226067484e+04
1.003697010040882014e+04
1.007268827787643568e+04
1.004122102925810213e+04
1.004287448726968978e+04
1.006160758715365591e+04
1.006239547738043075e+04
1.007011501060427508e+04
1.003266964018210274e+04
1.002073678583429682e+04
1.003536154040786460e+04
1.001627714038329577e+04
1.002062081622986625e+04
1.006033549538295847e+04
1.002445735435896313e+04
1.000827553855621773e+04
1.004117121938942728e+04
1.005603752459513998e+04
1.004614366611503647e+04
1.001053330674376411e+04
1.003914589991101457e+04
1.002043085959621203e+04
1.001937216431699562e+04
1.000291040358355531e+04
1.004027638638292774e+04
1.004811873147152619e+04
1.001431803380740894e+04
1.001789618914247148e+04
1.002988608265430776e+04
1.001248939029597568e+04
1.005613755032911286e+04
1.005735456271678413e+04
1.001299982092573373e+04
9.995613644626348105e+03
1.003578979715103196e+04
1.002833979965537401e+04
1.004756011464603034e+04
1.001931447315743389e+04
1.001920692766431603e+04
9.990639104888210568e+03
9.993269634557245809e+03
1.003634911423625817e+04
9.998680760231845852e+03
1.000714067902983879e+04
1.001529689901941856e+04
9.989984403672891858e+03
1.003037693718683477e+04
9.981801859054130546e+03
1.004318725353443733e+04
1.003554448281117766e+04
9.977096556031219734e+03
9.991468204252192663e+03
9.994267651124726399e+03
9.997941944002035598e+03
9.982297973037795600e+03
1.001324222654229561e+04
9.981143847200861273e+03
1.000020750364666492e+04
9.999464804575378366e+03
9.993287867285011089e+03
9.974156688153114374e+03
1.000300927534866969e+04
1.001836937327211672e+04
9.999877664801240826e+03
1.001194004979236342e+04
9.979055210820828506e+03
1.001462376072398547e+04
9.962967416200448497e+03
9.982864929099732763e+03
9.969981169286935256e+03
9.992474488603360442e+03
9.958656034868163260e+03
9.978724602190801306e+03
1.000085960725634504e+04
9.984290800995659083e+03
1.000274529124760193e+04
1.000566305552162703e+04
9.970569525596672975e+03
1.000046306331396772e+04
9.962143567707495095e+03
9.983284357890552201e+03
1.000936497864897865e+04
9.977608420632459456e+03
1.000915966389366258e+04
9.960899512539443094e+03
9.954214053923684332e+03
9.963523972914197657e+03
9.972180761014962627e+03
9.944479857974240076e+03
9.999389804184073000e+03
9.988744080436345030e+03
9.995413514460149599e+03
9.994103599998687059e+03
1.000346803922218896e+04
9.954006026563103660e+03
9.978638162861076125e+03
9.942945452973090141e+03
9.987603615394942608e+03
9.991043100723729367e+03
9.957419500136993520e+03
9.985236646395647767e+03
9.991266312329620632e+03
9.941881470297885244e+03
9.956915071898487440e+03
9.969276595394530887e+03
9.972704035469043447e+03
9.937157496109539352e+03
9.970449507595820251e+03
9.967437542189914893e+03
9.935260433289777211e+03
9.965063913270752892e+03
9.989993342379711976e+03
9.987292366564252006e+03
9.941181663371455215e+03
9.931892954469301912e+03
9.936218715254484778e+03
9.930703049243977148e+03
9.939059876664379772e+03
9.943928628540004865e+03
9.938160555986529289e+03
9.938681111362879165e+03
9.932499134842666535e+03
9.951743530670521068e+03
9.953200296316743334e+03
9.975137820871521399e+03
9.918891296964822686e+03
9.952601779102084038e+03
9.912505040242824180e+03
9.951516775043950474e+03
9.914747172460354705e+03
9.922893866267044359e+03
9.933269179575092494e+03
9.915083520274594775e+03
9.960177755190141397e+03
9.910656556408330289e+03
9.924426192276674556e+03
9.942708360191505562e+03
9.917225735049723880e+03
9.907289505587659733e+03
9.963662633667117916e+03
9.945196256630326388e+03
9.931943428977119765e+03
9.965210209842512995e+03
9.943189317871279854e+03
9.914783059324514397e+03
9.944002002933362746e+03
9.941624917473654932e+03
9.912309266675243634e+03
9.924853879844276889e+03
9.935402610730508968e+03
9.934629262213864422e+03
9.917151478920543013e+03
9.954781821876884351e+03
9.925477414603888974e+03
9.901975626053172164e+03
9.943939512074603044e+03
9.907327765022810127e+03
9.954391886030118258e+03
9.896820268996081722e+03
9.934757214428978841e+03
9.905175531075967228e+03
9.894823385722238527e+03
9.927690785954022431e+03
9.891137744142793963e+03
9.891455827318381125e+03
9.934686871662668636e+03
9.919335717951680635e+03
9.910675906107264382e+03
9.913957935886106497e+03
9.934828760872616840e+03
9.893176077334182992e+03
9.896907675240230674e+03
9.886627736659816946e+03
9.910050651236651902e+03
9.913844524741671194e+03
9.933861138681881130e+03
9.928985829686696889e+03
9.911168641463029417e+03
9.908834408714130404e+03
9.878141563314438827e+03
9.894271518639377973e+03
9.902350968801731142e+03
9.916240097684001739e+03
9.900341180331528449e+03
9.883200511756282140e+03
9.875678341959319368e+03
9.901390644244367650e+03
9.901252000382439292e+03
9.878756910883021192e+03
9.916394956031646871e+03
9.875375447324238849e+03
9.893713659841372646e+03
9.885053386426536235e+03
9.878568194267880244e+03
9.882938776710090679e+03
9.870058707629705168e+03
9.887358472551073646e+03
9.910494582619858193e+03
9.908270297139673858e+03
9.883519274308941021e+03
9.871170122688643460e+03
9.883617183814716554e+03
9.909487941207378753e+03
9.890068557736074581e+03
9.878190206146940909e+03
9.889875701413588104e+03
9.866063230593441403e+03
9.879551505246281522e+03
9.874264714024540808e+03
9.908368981376743250e+03
9.871202876180746898e+03
9.864617275195008915e+03
9.867657934437067524e+03
9.896651828966034373e+03
9.880774761087448496e+03
9.884906759575376782e+03
9.885733262040339469e+03
9.889496403045153784e+03
9.903359652916518826e+03
9.902507216515852633e+03
9.896086642094405761e+03
9.885124893123638685e+03
9.891111097299217363e+03
9.882770829939587202e+03
9.888790852752881619e+03
9.898270778711788807e+03
9.860357904927450363e+03
9.876878717869232787e+03
9.866770145971788224e+03
9.874998321840403150e+03
9.887678127927641981e+03
9.876964279007230289e+03
9.853887052989397489e+03
9.872228692038677764e+03
9.876082982809572059e+03
9.863397260975443714e+03
9.862361323525103217e+03
9.869101437031880778e+03
9.860254007058800198e+03
9.853409266151966222e+03
9.888100179944549382e+03
9.872509435216050406e+03
9.873070727851965785e+03
9.869756673570778730e+03
9.870795338767085923e+03
9.853499303763270291e+03
9.884307590192771386e+03
9.849612137720145256e+03
9.855351039320261407e+03
9.856082634676109592e+03
9.883102590460310239e+03
9.877480394193309621e+03
9.867639463979276115e+03
9.884278261835221201e+03
9.856088815895733205e+03
9.865490740721272232e+03
9.864930434929161493e+03
9.878160447332887998e+03
9.872737420612382266e+03
9.870556436227987433e+03
9.880059112886181538e+03
9.877782985604235364e+03
9.851267102934190916e+03
9.853930741284752003e+03
9.854104271849892029e+03
9.858100413082256637e+03
9.853774524652717446e+03
9.875459614636012702e+03
9.852838982093495360e+03
9.849451697174994479e+03
9.876806688383174333e+03
9.855083830259362003e+03
9.851300685822390733e+03
9.855159235971623275e+03
9.863125127539198729e+03
9.863315737748922402e+03
9.851096473254561715e+03
9.858632388042244202e+03
9.858229959610487640e+03
9.864842504703616214e+03
9.844656118286473429e+03
9.860924579346539758e+03
9.843969621403499332e+03
9.849501043335028953e+03
9.840427487081064100e+03
9.849561084143246262e+03
9.855496647989893972e+03
9.864417348798542662e+03
9.853710237218127077e+03
9.839641957658921456e+03
9.839227078701776918e+03
9.860717224980793617e+03
9.840766169531725609e+03
9.839077812772611651e+03
9.852913465801233542e+03
9.839695890021446758e+03
9.837409811276906112e+03
9.860517695507036478e+03
9.843410848321516823e+03
9.851496331636122704e+03
9.843121743372481433e+03
9.838098752246043659e+03
9.844310092685554991e+03
9.853025315592027255e+03
9.844494938037048996e+03
9.838440275025241135e+03
9.852599672261787418e+03
9.847698479474407577e+03
9.851917900739073957e+03
9.848612701425201521e+03
9.852064655920547011e+03
9.836993975922510799e+03
9.839195041909631982e+03
9.845331970492095934e+03
9.848983345583346818e+03
9.843185252980505538e+03
9.850984670356427159e+03
9.849704075876947172e+03
9.846209586897348345e+03
9.836184786036488731e+03
9.841192347326610616e+03
9.837294554001680808e+03
9.843543071714879261e+03
9.843793578259783317e+03
9.841948926902592575e+03
9.844330393145533890e+03
9.836414666265374763e+03
9.836514026083112185e+03
9.838158844861700345e+03
9.838064285252310583e+03
9.837155743906310818e+03
9.844974886515956314e+03
9.837412771713883558e+03
9.837082845017805084e+03
9.843834369287929803e+03
9.836922910636239976e+03
9.837202531747372632e+03
9.837753012632354512e+03
9.837543159814993487e+03
9.837253986242258179e+03
9.837209970741416328e+03
9.839103341233965693e+03
9.840714836338667737e+03
9.836970466586677503e+03
9.837225776280492937e+03
9.843625841753671921e+03
9.837168255942906399e+03
9.838129015583019282e+03
9.837256665282913673e+03
9.837874565684873232e+03
9.837046898599795895e+03
9.841783926001229702e+03
9.841558028098528666e+03
9.837840369727724465e+03
9.841851315395408164e+03
9.840956855816721145e+03
9.838158152972331663e+03
9.839768714003577770e+03
9.838836523410214795e+03
9.839907349218618037e+03
9.837557554698089007e+03
9.838042024041396871e+03
9.837615610273003767e+03
9.839770429928537851e+03
9.840400100529144765e+03
9.838622370457311263e+03
9.838277498485696924e+03
9.838657479531215358e+03
9.838239883331643796e+03
9.838123779084378839e+03
9.839946277182469203e+03
9.838250339161955708e+03
9.841218872003883007e+03
9.840412340756907724e+03
9.841405561577781555e+03
9.840131655032017079e+03
9.838361605884379969e+03
9.838419623171290368e+03
9.838134370525991471e+03
9.838219176917997174e+03
9.838030655677623145e+03
9.838285394377016928e+03
9.839232390679540913e+03
9.838297497832576482e+03
9.838318159513237333e+03
9.846321816955152826e+03
9.838603714041697458e+03
9.838690941248816671e+03
9.838398831797227103e+03
9.844419483337653219e+03
9.838748757788016519e+03
9.838441264186853005e+03
9.839365168808353701e+03
9.842724928831554280e+03
9.838846077883799808e+03
9.839307431446310147e+03
9.844856929924600990e+03
9.848211444783284605e+03
9.842126360655209282e+03
9.839227659771691833e+03
9.839829833849162242e+03
9.841315785669294200e+03
9.840692006440453042e+03
9.852332673797256575e+03
9.849376320591509284e+03
9.854245938107867914e+03
9.839746223907119202e+03
9.843287827791551535e+03
9.855336155670100197e+03
9.849305068594012482e+03
9.842583737491726424e+03
9.840254292808825994e+03
9.840664909381737743e+03
9.841000631274624538e+03
9.842132683557172641e+03
9.861522009835814970e+03
9.841995090257030824e+03
9.853938935579844838e+03
9.855837196500293430e+03
9.857876094342456781e+03
9.842744609716228297e+03
9.846142948961754882e+03
9.857835825042942815e+03
9.858904285053629792e+03
9.850496798726939232e+03
9.845052277817188951e+03
9.852560139816192532e+03
9.858891509226927155e+03
9.867708184281649665e+03
9.858249361258574936e+03
9.845264206344836566e+03
9.843357534477685476e+03
9.845760656786937034e+03
9.861645675132311226e+03
9.848876856004486399e+03
9.860875928164758079e+03
9.863955544492175250e+03
9.857203386740742644e+03
9.850942093274972649e+03
9.853608090276440635e+03
9.855926246550989163e+03
9.846600712873070734e+03
9.853398788401358615e+03
9.860744790437995107e+03
9.849497620003907286e+03
9.864966812005723114e+03
9.855114320486542056e+03
9.881636624748400209e+03
9.871029516865839469e+03
9.877853967806091532e+03
9.861811994289624636e+03
9.878126076749380445e+03
9.852396936324472335e+03
9.883197824318525818e+03
9.871284255191692864e+03
9.867515062855291035e+03
9.865199672627499240e+03
9.877140150028253629e+03
9.867473996627470115e+03
9.879795576205169709e+03
9.890138545735067964e+03
9.886198857690231307e+03
9.868772978687635259e+03
9.856796444123376205e+03
9.857177775881287744e+03
9.862643444101153364e+03
9.879531884924628685e+03
9.887385108160922755e+03
9.860982246861873136e+03
9.873315313939086991e+03
9.868190967331209322e+03
9.896958643965570445e+03
9.873355949339917061e+03
9.880691988887498155e+03
9.890808704050921733e+03
9.867129635950577722e+03
9.881824283781035774e+03
9.859055041044648533e+03
9.894869136689103470e+03
9.881123314972564913e+03
9.864764258237668400e+03
9.869073641531906105e+03
9.866188717482436914e+03
9.898729217636149770e+03
9.878079421287118748e+03
9.887445490025576873e+03
9.867201775254943641e+03
9.878655654609217891e+03
9.884023205627678180e+03
9.907651262661089277e+03
9.880067268954910105e+03
9.900899031907607423e+03
9.867966083311732291e+03
9.893729185228226925e+03
9.870772603212868489e+03
9.915674849982859087e+03
9.893825531626296652e+03
9.906041847530956147e+03
9.888671066376975432e+03
9.884811621500944966e+03
9.891236093514435197e+03
9.916792378905791338e+03
9.881220082895561063e+03
9.888035268143996291e+03
9.923570723251477830e+03
9.921615274388756006e+03
9.887306033801054582e+03
9.890300504432676462e+03
9.888303375832301754e+03
9.925711251834296490e+03
9.883485428470805346e+03
9.922347641762433341e+03
9.916377184700902944e+03
9.887657150595163330e+03
9.900879181149042779e+03
9.917775303435724709e+03
9.893470039920630370e+03
9.905545851163420593e+03
9.896645754916500664e+03
9.935695595073200820e+03
9.903013568408925494e+03
9.900200322464821511e+03
9.930854810470369557e+03
9.912624091103543833e+03
9.904763394965235420e+03
9.889139664813719719e+03
9.889596057734281203e+03
9.933582976226372921e+03
9.891865835042721301e+03
9.909265982467322829e+03
9.930808142723315541e+03
9.916289692110925898e+03
9.906252970550009195e+03
9.925954633970432042e+03
9.915831279108078888e+03
9.921520382242415508e+03
9.940541906892696716e+03
9.931011642023591776e+03
9.910980872686617658e+03
9.955380346662703232e+03
9.913329674183063617e+03
9.953326162046905665e+03
9.958258152717940902e+03
9.963789739621914123e+03
9.947028930111950103e+03
9.925912652532149878e+03
9.964114706769762051e+03
9.949996495121684347e+03
9.923654344235575991e+03
9.957516375520783185e+03
9.912408831693437605e+03
9.940041568195252694e+03
9.952309654840357325e+03
9.974502082453613184e+03
9.932251034124439684e+03
9.940359844177057312e+03
9.958000295986812489e+03
9.967858196738250626e+03
9.968335904982322973e+03
9.967005130172725330e+03
9.947651328661466323e+03
9.965614341566781150e+03
9.971077278378827032e+03
9.982278018515587974e+03
9.984944665663002525e+03
9.970846398877376487e+03
9.977472333588857509e+03
9.958656327506962043e+03
9.981270026937625516e+03
9.980132507864836953e+03
9.946842456087009850e+03
9.975610079549080183e+03
9.963863270801186445e+03
9.954802624032865424e+03
9.955859129733569716e+03
9.948423601974975099e+03
9.958508738403104871e+03
9.974945006987452871e+03
9.962736414162041910e+03
9.972793942858830633e+03
9.981839882225278416e+03
9.948557674584406413e+03
