9.200000000000000000e+03
9.216161616161616621e+03
9.232323232323231423e+03
9.248484848484848044e+03
9.264646464646464665e+03
9.280808080808081286e+03
9.296969696969696088e+03
9.313131313131312709e+03
9.329292929292929330e+03
9.345454545454545951e+03
9.361616161616160753e+03
9.377777777777777374e+03
9.393939393939393995e+03
9.410101010101010615e+03
9.426262626262625417e+03
9.442424242424242038e+03
9.458585858585858659e+03
9.474747474747475280e+03
9.490909090909090082e+03
9.507070707070706703e+03
9.523232323232323324e+03
9.539393939393939945e+03
9.555555555555554747e+03
9.571717171717171368e+03
9.587878787878787989e+03
9.604040404040404610e+03
9.620202020202019412e+03
9.636363636363636033e+03
9.652525252525252654e+03
9.668686868686869275e+03
9.684848484848484077e+03
9.701010101010100698e+03
9.717171717171717319e+03
9.733333333333333940e+03
9.749494949494948742e+03
9.765656565656565363e+03
9.781818181818181984e+03
9.797979797979798605e+03
9.814141414141413406e+03
9.830303030303030027e+03
9.846464646464646648e+03
9.862626262626263269e+03
9.878787878787878071e+03
9.894949494949494692e+03
9.911111111111111313e+03
9.927272727272727934e+03
9.943434343434342736e+03
9.959595959595959357e+03
9.975757575757575978e+03
9.991919191919192599e+03
1.000808080808080740e+04
1.002424242424242402e+04
1.004040404040404064e+04
1.005656565656565726e+04
1.007272727272727207e+04
1.008888888888888869e+04
1.010505050505050531e+04
1.012121212121212193e+04
1.013737373737373673e+04
1.015353535353535335e+04
1.016969696969696997e+04
1.018585858585858659e+04
1.020202020202020140e+04
1.021818181818181802e+04
1.023434343434343464e+04
1.025050505050505126e+04
1.026666666666666606e+04
1.028282828282828268e+04
1.029898989898989930e+04
1.031515151515151592e+04
1.033131313131313073e+04
1.034747474747474735e+04
1.036363636363636397e+04
1.037979797979798059e+04
1.039595959595959539e+04
1.041212121212121201e+04
1.042828282828282863e+04
1.044444444444444525e+04
1.046060606060606005e+04
1.047676767676767668e+04
1.049292929292929330e+04
1.050909090909090992e+04
1.052525252525252472e+04
1.054141414141414134e+04
1.055757575757575796e+04
1.057373737373737458e+04
1.058989898989898938e+04
1.060606060606060601e+04
1.062222222222222263e+04
1.063838383838383925e+04
1.065454545454545405e+04
1.067070707070707067e+04
1.068686868686868729e+04
1.070303030303030391e+04
1.071919191919191871e+04
1.073535353535353534e+04
1.075151515151515196e+04
1.076767676767676676e+04
1.078383838383838338e+04
1.080000000000000000e+04
