1.000000000000000000e+00
1.000000000000000000e+00
1.000000000000000000e+00
1.000000000000000000e+00
1.000000000000000000e+00
1.000000000000000000e+00
1.000000000000000000e+00
1.000000000000000000e+00
1.000000000000000000e+00
1.000000000000000000e+00
1.000000000000000000e+00
1.000000000000000000e+00
1.000000000000000000e+00
1.000000000000000000e+00
1.000000000000000000e+00
1.000000000000000000e+00
1.000000000000000000e+00
1.000000000000000000e+00
1.000000000000000000e+00
1.000000000000000000e+00
1.000000000000000000e+00
1.000000000000000000e+00
1.000000000000000000e+00
1.000000000000000000e+00
1.000000000000000000e+00
1.000000000000000000e+00
1.000000000000000000e+00
1.000000000000000000e+00
1.000000000000000000e+00
1.000000000000000000e+00
9.030000000000000249e-01
8.599999999999999867e-01
8.279999999999999583e-01
7.990000000000000435e-01
7.740000000000000213e-01
7.510000000000000009e-01
7.289999999999999813e-01
7.089999999999999636e-01
6.899999999999999467e-01
6.720000000000000417e-01
6.540000000000000258e-01
6.360000000000000098e-01
6.189999999999999947e-01
6.019999999999999796e-01
5.859999999999999654e-01
5.699999999999999512e-01
5.540000000000000480e-01
5.380000000000000338e-01
5.220000000000000195e-01
5.070000000000000062e-01
4.909999999999999920e-01
4.749999999999999778e-01
4.590000000000000191e-01
4.440000000000000058e-01
4.279999999999999916e-01
4.119999999999999774e-01
3.960000000000000187e-01
3.790000000000000036e-01
3.619999999999999885e-01
3.449999999999999734e-01
3.270000000000000129e-01
3.069999999999999951e-01
2.889999999999999791e-01
2.680000000000000160e-01
2.469999999999999973e-01
2.240000000000000047e-01
1.980000000000000093e-01
1.700000000000000122e-01
1.360000000000000098e-01
9.099999999999999756e-02
0.000000000000000000e+00
0.000000000000000000e+00
0.000000000000000000e+00
0.000000000000000000e+00
0.000000000000000000e+00
0.000000000000000000e+00
0.000000000000000000e+00
0.000000000000000000e+00
0.000000000000000000e+00
0.000000000000000000e+00
0.000000000000000000e+00
0.000000000000000000e+00
0.000000000000000000e+00
0.000000000000000000e+00
0.000000000000000000e+00
0.000000000000000000e+00
0.000000000000000000e+00
0.000000000000000000e+00
0.000000000000000000e+00
0.000000000000000000e+00
0.000000000000000000e+00
0.000000000000000000e+00
0.000000000000000000e+00
0.000000000000000000e+00
0.000000000000000000e+00
0.000000000000000000e+00
0.000000000000000000e+00
0.000000000000000000e+00
0.000000000000000000e+00
0.000000000000000000e+00
