9.854022840363655632e+03
9.821292114551479244e+03
9.812806432633933582e+03
9.859671190970786483e+03
9.864497963677182270e+03
9.806589019366143475e+03
9.800835552307957187e+03
9.841116476522051016e+03
9.861223921989689188e+03
9.833517023822030751e+03
9.802523285825349376e+03
9.841462716988877219e+03
9.854720789452037934e+03
9.852285464140250042e+03
9.818694563740353260e+03
9.857260684750284781e+03
9.820329180200025803e+03
9.811432699732005858e+03
9.856032071613715743e+03
9.799137161374734205e+03
9.839484883217101014e+03
9.852189909715549220e+03
9.800669515171637613e+03
9.818426772518436337e+03
9.848829763580331928e+03
9.842979557601609486e+03
9.845074700082008349e+03
9.815219950504717417e+03
9.837180218716739546e+03
9.806987012056328240e+03
9.800062244079452284e+03
9.798925786805591997e+03
9.810492571570637665e+03
9.804737255600333810e+03
9.849213270390093385e+03
9.849679626292732792e+03
9.796242999202773717e+03
9.794763087851522869e+03
9.821348183978156158e+03
9.798899727650954446e+03
9.814557073362682786e+03
9.828143827390495062e+03
9.822715710391301400e+03
9.809913343054126017e+03
9.843123367496256833e+03
9.829479215595252754e+03
9.806166996679314252e+03
9.817050461822440411e+03
9.844621070462744683e+03
9.794552596482652007e+03
9.851544453141663325e+03
9.833305077120445276e+03
9.806905329266546687e+03
9.837667252593984813e+03
9.808579890991974025e+03
9.823734876354370499e+03
9.795902042686482673e+03
9.831597269294787111e+03
9.794989098296156953e+03
9.794113671006814911e+03
9.802196549863479959e+03
9.796516622616376480e+03
9.811210479853340075e+03
9.829944608120775229e+03
9.800681350486795054e+03
9.813350370889913393e+03
9.828398195276662591e+03
9.792710794413625990e+03
9.799195230479570455e+03
9.817645810019714190e+03
9.836003268081800343e+03
9.795082769338743674e+03
9.805822990274429685e+03
9.823523090995369785e+03
9.794660298089193020e+03
9.812037393680602690e+03
9.809381103041965616e+03
9.794836155101102122e+03
9.820747836543810990e+03
9.827186147232079747e+03
9.817485135723427447e+03
9.796379909665110972e+03
9.804725937148083176e+03
9.823056810652107742e+03
9.809002521423015423e+03
9.792363885316151936e+03
9.796884115049022512e+03
9.802698357254399525e+03
9.790259816418743867e+03
9.793232803209217309e+03
9.795339474784177582e+03
9.827289284193058847e+03
9.827561280657482712e+03
9.808326468182393000e+03
9.818569860943867752e+03
9.793429886365167476e+03
9.800998742896448675e+03
9.804584228840220021e+03
9.811157960515332888e+03
9.805012141473360316e+03
9.801195093967658977e+03
9.793262168889701570e+03
9.820746244539002873e+03
9.793731234616685470e+03
9.789310176347444212e+03
9.796742961806066887e+03
9.793871813335354091e+03
9.788331035562428951e+03
9.817307507976005581e+03
9.811427662885780592e+03
9.793936773920346241e+03
9.795529837403455531e+03
9.791180287464065259e+03
9.798176167500447264e+03
9.812932852266421833e+03
9.791700707737976700e+03
9.799750892172802196e+03
9.801192375474896835e+03
9.790956266447486996e+03
9.802240095229304643e+03
9.814337155291390445e+03
9.789845995165112981e+03
9.801977557075892037e+03
9.787970453436259049e+03
9.790581043551499533e+03
9.821693378573263544e+03
9.803744218042478678e+03
9.798187593556760476e+03
9.792037629676771758e+03
9.792163754986406275e+03
9.787969001966730502e+03
9.804450435389535414e+03
9.788001113504973546e+03
9.796303053767198435e+03
9.790422430196487767e+03
9.790757295764977243e+03
9.787957809362493208e+03
9.807730843598868887e+03
9.804667391709726871e+03
9.802286592216049030e+03
9.799517773952435164e+03
9.797414440348866265e+03
9.791956190366749070e+03
9.805935645819101410e+03
9.793017268747060371e+03
9.791178869706733167e+03
9.805055132432575192e+03
9.787872492216345563e+03
9.797959237883667811e+03
9.794472543979391048e+03
9.796932190905516109e+03
9.792647685849055051e+03
9.807009020916031659e+03
9.791437132054285030e+03
9.789946970657969359e+03
9.795687776932623819e+03
9.801381854341980215e+03
9.788623003367692945e+03
9.788529645112115759e+03
9.787931448757093676e+03
9.790161901064928315e+03
9.798964573714012658e+03
9.789479166307686683e+03
9.792604687533235847e+03
9.788746182663315267e+03
9.789850899631384891e+03
9.787893209598967587e+03
9.789771267428835927e+03
9.789473656742649837e+03
9.794513390325882938e+03
9.788845545411904823e+03
9.787784168812115240e+03
9.789849917702587845e+03
9.789951311379405524e+03
9.794235323562019403e+03
9.789826934735119721e+03
9.793356777909935772e+03
9.798842269585918984e+03
9.802629416755817147e+03
9.789959674728997925e+03
9.787738495120971493e+03
9.791874162062131290e+03
9.788522905645211722e+03
9.790602680569625591e+03
9.792223892746296769e+03
9.787723095342194938e+03
9.794627240946754682e+03
9.790619909840301261e+03
9.797362651318790085e+03
9.791061846068676459e+03
9.790059989670216964e+03
9.788939372249529697e+03
9.787740020872965033e+03
9.787666093342102613e+03
9.797683666671962783e+03
9.787706180387491258e+03
9.792677387302072020e+03
9.787742966375060860e+03
9.790230383297317530e+03
9.794744560016342803e+03
9.793110885096490165e+03
9.792214399057878836e+03
9.790341127550638703e+03
9.792161817604397584e+03
9.791448307313585246e+03
9.795977748149500258e+03
9.794932348267811903e+03
9.793106694481944942e+03
9.789241533622172938e+03
9.793941301852170000e+03
9.787982803948882065e+03
9.787761515084815983e+03
9.789181522025906816e+03
9.788681459252040440e+03
9.790738396150520202e+03
9.788701632201995380e+03
9.790916468765773971e+03
9.788664223914480317e+03
9.792490253581303477e+03
9.789629834526103878e+03
9.796991427989652948e+03
9.788369555454304646e+03
9.788775458999007242e+03
9.787790821991742632e+03
9.787537206190758297e+03
9.790714702523840970e+03
9.787637674180010436e+03
9.790112057019621716e+03
9.790540647769996212e+03
9.793627152890034267e+03
9.787544507046015497e+03
9.789060437989648563e+03
9.795842333339915058e+03
9.788200036317452032e+03
9.791153280827042181e+03
9.787836516616904191e+03
9.787611192725622459e+03
9.787726167359827741e+03
9.788149978608869787e+03
9.789026411137752802e+03
9.788690408968977863e+03
9.796749203505311016e+03
9.789076743818679461e+03
9.791004711526296887e+03
9.789588350793352220e+03
9.789708040935285680e+03
9.787447965261320860e+03
9.787786954384218916e+03
9.788140560220597763e+03
9.789127609159633721e+03
9.790890487823919102e+03
9.789598611750740019e+03
9.797135652114899131e+03
9.790414845908666393e+03
9.787535585359304605e+03
9.788256150508852443e+03
9.788281040129697431e+03
9.795016318908799803e+03
9.789679406442321124e+03
9.804382611017601448e+03
9.789166789931352469e+03
9.794003316940477816e+03
9.803154302634387932e+03
9.794194676566743510e+03
9.789987834230480075e+03
9.791414090908538128e+03
9.790446462756401161e+03
9.791479230532322617e+03
9.802564218759476717e+03
9.787450056491888972e+03
9.796516515160787094e+03
9.794624424031009767e+03
9.787676122593837135e+03
9.794210123493539868e+03
9.793907114189778440e+03
9.811388703710097616e+03
9.787401553205674645e+03
9.794079048079116546e+03
9.790657884606083826e+03
9.811089201229084210e+03
9.787612305821174232e+03
9.787660345691494513e+03
9.787255266330925224e+03
9.787324566716461050e+03
9.787527378216369470e+03
9.796048297681987606e+03
9.799187444017576126e+03
9.805757530956734627e+03
9.798556292251627383e+03
9.791742525501129421e+03
9.787479865448985947e+03
9.807045862914877944e+03
9.787327009480259221e+03
9.787710830990725299e+03
9.788211670843404136e+03
9.791258069972038356e+03
9.802440196937310247e+03
9.787191510578108137e+03
9.799054138968189363e+03
9.787716592905095240e+03
9.787325365613587564e+03
9.787125142579801832e+03
9.804252480857301634e+03
9.787526757166970128e+03
9.803869366336452003e+03
9.799936931115316838e+03
9.801859804207548223e+03
9.819748914211557349e+03
9.788295767723708195e+03
9.793111790015807856e+03
9.792136327832953612e+03
9.808304070141679404e+03
9.795808329254783530e+03
9.792946169155955431e+03
9.798475899792720156e+03
9.788320673996564437e+03
9.811525183845829815e+03
9.820273860038474595e+03
9.793725978459946418e+03
9.787053411270169818e+03
9.787013798012834741e+03
9.787578248845484268e+03
9.787338646673500989e+03
9.787311115458400309e+03
9.801771651701446899e+03
9.798610302274744754e+03
9.790250856369955727e+03
9.800459239966439782e+03
9.806012705927974821e+03
9.804687289064675497e+03
9.811365356912829156e+03
9.788718360526827382e+03
9.820487413404485778e+03
9.804880631166699459e+03
9.817084489632354234e+03
9.801076317111326716e+03
9.792601670869358713e+03
9.787443043690227569e+03
9.788111125458632159e+03
9.787366574883688372e+03
9.800827506113524578e+03
9.820674188240116564e+03
9.811905458629189525e+03
9.809275302548609034e+03
9.800126816363799662e+03
9.802772841522402814e+03
9.787799506322369780e+03
9.815192173802433899e+03
9.815778548925114592e+03
9.807553423863775606e+03
9.819945577102314928e+03
9.826699733276142069e+03
9.804550553124066937e+03
9.826507428742832417e+03
9.829230595954899400e+03
9.810567679688814678e+03
9.791440372685337934e+03
9.825263335543881112e+03
9.805597938746535874e+03
9.832500082205735453e+03
9.788691589148626008e+03
9.813161159522573143e+03
9.788121814647189240e+03
9.794519546270243154e+03
9.803464722216654991e+03
9.821602456251508556e+03
9.788873680979639175e+03
9.798038811329197415e+03
9.822137276874944291e+03
9.795711305650092982e+03
9.795902843892292367e+03
9.808742888350980138e+03
9.831421987896754217e+03
9.795034142145263104e+03
9.794935459607992016e+03
9.797629742258772239e+03
9.816884190392254823e+03
9.793541504437254844e+03
9.820656484667217228e+03
9.790226873575496938e+03
9.827756293325186562e+03
9.796656234160802342e+03
9.809385022540178397e+03
9.804709951130069385e+03
9.793657078017795357e+03
9.817143787183369568e+03
9.820823969978448076e+03
9.795247879774631656e+03
9.795579414112680752e+03
9.835838158463720902e+03
9.796522234767080590e+03
9.828871818105248167e+03
9.813453680556238396e+03
9.849039785929944628e+03
9.802069973463761926e+03
9.848684106296368554e+03
9.796141254057452898e+03
9.792159167127298133e+03
9.803301454032618494e+03
9.821776537816760538e+03
9.831776697754472480e+03
9.829455249816724972e+03
9.823838679369038800e+03
9.838395840109764322e+03
9.808371263438024471e+03
9.810831779262789496e+03
9.809111180347730624e+03
9.806150823029183812e+03
9.856029734704938164e+03
9.812570190815311435e+03
9.810947315403971515e+03
9.817744807822176881e+03
9.842828866191115594e+03
9.824911537270467306e+03
9.839637539584071419e+03
9.803940626688185148e+03
9.827027863627314218e+03
9.810635065675262013e+03
9.827942099513973517e+03
9.815009255944763936e+03
9.859076178664930922e+03
9.817020679310448031e+03
9.831687437415015665e+03
9.848908274318891927e+03
9.804065109962542920e+03
9.835844892942732258e+03
9.837494011899443649e+03
9.825618561895124003e+03
9.850779842948029909e+03
9.866151263814866979e+03
9.865528350922151731e+03
9.863208396932359392e+03
9.842264091255286985e+03
9.804437135665262758e+03
9.854598944586699872e+03
9.802643458750622813e+03
9.853015926232803395e+03
9.825937644881716551e+03
9.851467154274379936e+03
9.874747238770261902e+03
9.809722389155325800e+03
9.816340710133172252e+03
9.828849797749437130e+03
9.835766521783643839e+03
9.855426872320340408e+03
9.857153603564094738e+03
9.834464581676931630e+03
9.801820056523069070e+03
9.837810042176346542e+03
9.825580052409481141e+03
9.868902434546740551e+03
9.825565115386154503e+03
9.876153429749674615e+03
9.813337458562309621e+03
9.803437817210036883e+03
9.822110249855521033e+03
9.842089339575888516e+03
9.880849874720715889e+03
9.806578619062542202e+03
9.847786682749452666e+03
9.868805806533504438e+03
9.852662443200295456e+03
9.820897667509809253e+03
9.821108382692082159e+03
9.814387236108941579e+03
9.886146698994787585e+03
9.810491956205396491e+03
9.842313625337816120e+03
9.829776954524226312e+03
9.878987218201247742e+03
9.865773645541641599e+03
9.812020090308737053e+03
9.870547287537296143e+03
9.877239176248809599e+03
9.889221070428140592e+03
9.853032120502462931e+03
9.842219841178752176e+03
9.828063017346785273e+03
9.869331762494890427e+03
9.846903639940930589e+03
9.857197415966431436e+03
9.849265620296022462e+03
9.820429861342667209e+03
9.886057984403112641e+03
9.829121048113707729e+03
9.891150020426293850e+03
9.826432446200324193e+03
9.855574920937089701e+03
9.829723101149322247e+03
9.826638708190799662e+03
9.811759740394994878e+03
9.853432312491366247e+03
9.827606528591029928e+03
9.857707181492500240e+03
9.824626514260702606e+03
9.847331059887854281e+03
9.849906216924489854e+03
9.853079740893788767e+03
9.861582516085140014e+03
9.896279289954207343e+03
9.848455503148870775e+03
9.819479358131357003e+03
9.846149213278573370e+03
9.879055188718622958e+03
9.829141016867630242e+03
9.872173760616331492e+03
9.841040938420046587e+03
9.873557182753585948e+03
9.902225145268430424e+03
9.861437919432628405e+03
9.884857390057679368e+03
9.871655374747244423e+03
9.882514191811811543e+03
9.863941584413396413e+03
9.841633186666198526e+03
9.824897091864808317e+03
9.908190249721366854e+03
9.836870872161927764e+03
9.851214477603665728e+03
9.867210928358526871e+03
9.839942750079959296e+03
9.854157322626933819e+03
9.836186924503983391e+03
9.835970211369611206e+03
9.898066113288674387e+03
9.868289545066161736e+03
9.871975203676860474e+03
9.879032526669985600e+03
9.827678009288436442e+03
9.902290946309958599e+03
9.869832971291158174e+03
9.825471164785210931e+03
9.889361456164835545e+03
9.892845829609457724e+03
9.853514333063209051e+03
9.901405282830097349e+03
9.854630883809388251e+03
9.912081493636946107e+03
9.836580411288643518e+03
9.846228901935350223e+03
9.919723479641974336e+03
9.851778269354099393e+03
9.883023222631754834e+03
9.884528080849629987e+03
9.883637474861554438e+03
9.916441331949499727e+03
9.872364449306804090e+03
9.860856535114135113e+03
9.927236163464578567e+03
9.832702202709959238e+03
9.833615291323671045e+03
9.843782377170389736e+03
9.842014624433812060e+03
9.905496071207080604e+03
9.908208584533120302e+03
9.858242639340669484e+03
9.901102197590151263e+03
9.836440234826997767e+03
9.835070767760918898e+03
9.918436623116791452e+03
9.855852887638768152e+03
9.858286578056749931e+03
9.877347139088240510e+03
9.925164447534760257e+03
9.927916771253732804e+03
9.912794154861619973e+03
9.857732907817426167e+03
9.931822520992664067e+03
9.883610374293693894e+03
9.932412039285023639e+03
9.909978305842711052e+03
9.932702588951249709e+03
9.887220593087442467e+03
9.925740638853574637e+03
9.887306151591888920e+03
9.915338013096939903e+03
9.911209192482830986e+03
9.888166221808565751e+03
9.876228707399333871e+03
9.849454309503344120e+03
9.869566296610260906e+03
9.927370781745083150e+03
9.859407519934695301e+03
9.928781967914817869e+03
9.919516992905713778e+03
9.918614638192339044e+03
9.905927616042110458e+03
9.875324916857516655e+03
9.930556326110900045e+03
9.853364134080233271e+03
9.875323940324718933e+03
9.874161521220567010e+03
9.849773327846742177e+03
9.859674250371055678e+03
9.916700817356229891e+03
9.861982083266166228e+03
9.868787956366320941e+03
9.854895314932564361e+03
9.874126531541058284e+03
9.880352323761833759e+03
9.905119567087545875e+03
9.879207058752685043e+03
9.893907765985071819e+03
9.956904483230511687e+03
9.961356322626437759e+03
9.862435757489580283e+03
9.923284449774611858e+03
9.864311043224486639e+03
9.873814198549363937e+03
9.955836772654631204e+03
9.906775573840572179e+03
9.898937619226682727e+03
9.918176225966490165e+03
9.939517841955908807e+03
9.903226563257159796e+03
9.952814065378226587e+03
9.928340218639839804e+03
9.858883811334964776e+03
9.924535932007014708e+03
9.911064761286968860e+03
9.887191088253122871e+03
9.908622454653796012e+03
9.933992390969629923e+03
9.867848409697271563e+03
9.975042940227209328e+03
9.976989782151138570e+03
9.919637453363635359e+03
9.895924337425314661e+03
9.915849492697338064e+03
9.917088439370507331e+03
9.868996421603351337e+03
9.909055116557883593e+03
9.875386554920238268e+03
9.966391115701857416e+03
9.953353970184525679e+03
9.881036549081652993e+03
9.888921038480784773e+03
9.935283743138339560e+03
9.958961627239805239e+03
9.876970501515084834e+03
9.974094304303944227e+03
9.925511287707269730e+03
9.889434107170920470e+03
9.896096936935471604e+03
9.930432358050946277e+03
9.901465273152249210e+03
9.926326930503815674e+03
9.960903723835372148e+03
9.940691570368380781e+03
9.996156440857286725e+03
9.948158313151461698e+03
9.970779582588427729e+03
9.915603430156019385e+03
9.902463041788991177e+03
9.917882956395780639e+03
9.998548026032378402e+03
9.976431186376297774e+03
9.912317443032306983e+03
9.941743050163322550e+03
9.917435788105134634e+03
9.981100353986203118e+03
9.963013451481341690e+03
9.935462693050865710e+03
9.993137410163484674e+03
9.978193386508832191e+03
9.972608920522203334e+03
9.944702317238725300e+03
1.000185781963278168e+04
9.968717703296581021e+03
9.958008384008924622e+03
1.000703914740218897e+04
9.990003864588885335e+03
9.933022861601335535e+03
9.947173210201704933e+03
9.931987309010582976e+03
9.966133599226159276e+03
9.980001378730721626e+03
9.935871756013462800e+03
9.939841193474072497e+03
9.975989356367497749e+03
9.983867793137598710e+03
9.897119421839697679e+03
9.946708262692140124e+03
1.000129031661222507e+04
9.934836006885016104e+03
9.986864627677417957e+03
1.001277090292288631e+04
9.901043878130252779e+03
9.957866780203692542e+03
9.966375552465897272e+03
9.986192826273418177e+03
1.000816557627900147e+04
1.002609273474868860e+04
9.997122187658969779e+03
9.908255423914317362e+03
9.988372506487949067e+03
9.992438119470991296e+03
9.974693971859567682e+03
9.961697780690437867e+03
1.000475311952381708e+04
9.953441933936976056e+03
9.948878217644107281e+03
9.990420538178015704e+03
9.935303848871908485e+03
9.977680650268208410e+03
1.001677951144559847e+04
9.985623016832616486e+03
9.927509640937316362e+03
9.973835778380438569e+03
1.001079979597039892e+04
9.996607810546851397e+03
9.933844324075042096e+03
9.940278685494196907e+03
9.934698069074995146e+03
9.971054991358219922e+03
9.965455436213447683e+03
1.002891366761727477e+04
9.922143345183711062e+03
9.990232224846613462e+03
9.928202653156908127e+03
1.001377324437392417e+04
1.003327488613511196e+04
1.003500735932412499e+04
1.002650048533348490e+04
1.003193518275635688e+04
9.968540447371347909e+03
1.002021715797271463e+04
9.949814940167038003e+03
9.936092339928649380e+03
1.002070119154769236e+04
1.002945037076642438e+04
1.002324667872000828e+04
9.945921932598132116e+03
1.001621801640873673e+04
9.992502533171627874e+03
9.977255998746899422e+03
1.003235406502505612e+04
9.948676119544004905e+03
9.969334082100507658e+03
1.000670010558379727e+04
1.003194279014676431e+04
9.956654200343637058e+03
9.949665859073837055e+03
9.976452715547917251e+03
1.001483296119806437e+04
1.001317527385544781e+04
9.978964210148173152e+03
9.963975552251598856e+03
9.972829024194938029e+03
1.001405529931684032e+04
9.941658100379045209e+03
9.959652178403201106e+03
9.952813341817580294e+03
9.943789695619303529e+03
1.006046384590532398e+04
9.951935268496610661e+03
1.000155298802386642e+04
9.962399886853458156e+03
1.001352097626375507e+04
1.001114394854281272e+04
9.973437398183144978e+03
1.006247151181019944e+04
1.005499109281216806e+04
9.949370208413070941e+03
1.002586207436916084e+04
1.002951517720977427e+04
9.980667192714900011e+03
1.000710178659545818e+04
1.001802656451947769e+04
9.989950195614472250e+03
1.004234071360529197e+04
1.004939954486391071e+04
9.951787082392107550e+03
1.004814844534205986e+04
9.994611137855590641e+03
1.003509887479903591e+04
9.980819629057948987e+03
9.989607798162824110e+03
1.001938029849093800e+04
1.005193202915968322e+04
1.000181112714795017e+04
9.986201667796258334e+03
9.987906777431751834e+03
9.987212428632466981e+03
9.963062459664966809e+03
1.003659586539348675e+04
9.982854756422006176e+03
1.008067049063189370e+04
1.000118691890115588e+04
1.004576649231617739e+04
9.975317467889455656e+03
1.000515227397801937e+04
9.993119931714361883e+03
1.002863491201360375e+04
1.008256596680505390e+04
9.991893058365854813e+03
1.004874963708880387e+04
1.006959142570485346e+04
1.005250663507168974e+04
9.971255610544585579e+03
1.004205064933192625e+04
1.000710331284119275e+04
1.004686078299493420e+04
1.001427929895795933e+04
9.990289184581070003e+03
9.989115069143763321e+03
1.002384332445371365e+04
1.004613974220365890e+04
1.007888428449117418e+04
1.008346155359513250e+04
1.003346709723930144e+04
1.002352479908040550e+04
1.005545953690285933e+04
9.979019658016330141e+03
9.985139949333270124e+03
1.007675453776000359e+04
1.000743682313472891e+04
1.005300715574206697e+04
9.991949668103143267e+03
1.009836550971503675e+04
1.002013131921999229e+04
1.009631725446423661e+04
1.007947088042705036e+04
9.996219440602835675e+03
1.008314363972216051e+04
1.006817555740829266e+04
1.006640757647981991e+04
1.008269889670994417e+04
9.992957220418031284e+03
1.003489245177199518e+04
1.008825705837969144e+04
1.001243332218058822e+04
1.007752797249653486e+04
1.010315920800491585e+04
1.007245348291748633e+04
1.010860829686268517e+04
1.009717178579344727e+04
1.008990760191855225e+04
1.009290720683802283e+04
1.008417719750175638e+04
1.002207914353254637e+04
1.011243171540347430e+04
1.010122457552538981e+04
1.007851732361659560e+04
9.999653942054656000e+03
1.008135452147422438e+04
1.011063780319042417e+04
1.001762852640779238e+04
1.001138385527590981e+04
1.010934638430527593e+04
1.010592676782707349e+04
1.000454560635075541e+04
1.011857794585976262e+04
1.005811587313222662e+04
1.002270794102305263e+04
1.005721616681715022e+04
1.003968404145737441e+04
1.003488422872035699e+04
1.004326498662731501e+04
1.010159444877294482e+04
1.010118726603114737e+04
1.004496211867232159e+04
1.005986846954734756e+04
1.002215287702749629e+04
1.001460734290831533e+04
1.001502224798185853e+04
1.011732993647856347e+04
1.002571577892270398e+04
1.007671372237414471e+04
1.011374386820927430e+04
1.005089096525703826e+04
1.009124760873742525e+04
1.003060914576359028e+04
1.010677980107760777e+04
1.012862890351958595e+04
1.003842091075353528e+04
1.004163567458197940e+04
1.012953873621700222e+04
1.011300082219459000e+04
1.008100000180309871e+04
1.011505261691011947e+04
1.004607028150357291e+04
1.011076024577968928e+04
1.009875644362196545e+04
1.002620743862623567e+04
1.004048362919993997e+04
1.010022606536638341e+04
1.008593554711971410e+04
1.011762056393309831e+04
1.006041059514078734e+04
1.002725510612203107e+04
1.007957238418609086e+04
1.010241497214911760e+04
1.009604183977512548e+04
1.012220721472971854e+04
1.007092386878112484e+04
1.009880116575338980e+04
1.005759030705379519e+04
1.011773615538197009e+04
1.013370171945856237e+04
1.010852093425357452e+04
1.010484618951521225e+04
1.013226515880985244e+04
1.012703362660084167e+04
1.013760352030928334e+04
1.004389714853508667e+04
1.006565406096170591e+04
1.014231082694502038e+04
1.012873561303348833e+04
1.005847815711047224e+04
1.005768930316377555e+04
1.011049425907345721e+04
1.004866126943860763e+04
1.007196392530875710e+04
1.014494881607842945e+04
1.006459450317883056e+04
1.010753535052621919e+04
1.013499933997647531e+04
1.011550827303645019e+04
1.013047184435073541e+04
1.013521420983861935e+04
1.004917768430575052e+04
1.009606313126486748e+04
1.013082539881540652e+04
1.007823890499409208e+04
1.008259015695541530e+04
1.014536928154867383e+04
1.010091674398665782e+04
1.007580138143704426e+04
1.010481895400185567e+04
1.012172742638096315e+04
1.013034557467300328e+04
1.009164429652623949e+04
1.007381222788110426e+04
1.014595002216593457e+04
1.008006695891887648e+04
1.011822658609048813e+04
1.015298204207375784e+04
1.008523944813640446e+04
1.013909841630735536e+04
1.006492670685802477e+04
1.009398862586126415e+04
1.012497207630537741e+04
1.015549552622017654e+04
1.008733107368918536e+04
1.014791277332153732e+04
1.009950171541125565e+04
1.012379118868599107e+04
1.013150148357911166e+04
1.015356032677945223e+04
1.015555159135493341e+04
1.011728909301942076e+04
1.006891738760827502e+04
1.010811084723944259e+04
1.011337239571565078e+04
1.013840539635088135e+04
1.008789179157309263e+04
1.008245728560076350e+04
1.016089144524677249e+04
1.011543727166542885e+04
1.013377602819215645e+04
1.009912910688182819e+04
1.007547566713272317e+04
1.015834059047523988e+04
1.016392020243306251e+04
1.009113892041777581e+04
1.015311998488074460e+04
1.009661808686802033e+04
1.007201428940027108e+04
1.007725118533101340e+04
1.009686975268999777e+04
1.009033122011683008e+04
1.011361702057347793e+04
1.015941435109164377e+04
1.014982926137433969e+04
1.009534633159154873e+04
1.012463288511380961e+04
1.010601977962398450e+04
1.009357663940863495e+04
1.010376191672923233e+04
1.010499159680896628e+04
1.013396893807165725e+04
1.011689795445970776e+04
1.010407406342390823e+04
1.016795986591747715e+04
1.015582482526045897e+04
1.012740273218510993e+04
1.011907038464952893e+04
1.010054068824426940e+04
1.010687734481964981e+04
1.015043503549743036e+04
1.015450764397712555e+04
1.015804476908511970e+04
1.015721350008929767e+04
1.015584267744444878e+04
1.011535692779840065e+04
1.014645634576469274e+04
1.017529433832410905e+04
1.013649344537472643e+04
1.015779919555292872e+04
1.017174098798140767e+04
1.017381576616607708e+04
1.013737650880910041e+04
1.011322158171357114e+04
1.011054865762277586e+04
1.013575861001123121e+04
1.016935865279207064e+04
1.017580330678854261e+04
1.016395593273813392e+04
1.016879238604772581e+04
1.011175218932245480e+04
1.015295681736274128e+04
1.011288507043079335e+04
1.015266131205787133e+04
1.017030488704759409e+04
1.017422792046386348e+04
1.017110544073073834e+04
1.014688267302891472e+04
1.012361887164577274e+04
1.016879871106913743e+04
1.012504746218461514e+04
1.013851775724942854e+04
1.016839039346715617e+04
1.015604799255704165e+04
1.015539280216762381e+04
1.014961153659771298e+04
1.012476154265136574e+04
1.017424097578112742e+04
1.014732919890461926e+04
1.018069336456948440e+04
1.017291360882775552e+04
1.010562489229479252e+04
1.018299082234868001e+04
1.018083188884961965e+04
1.014024663632973716e+04
1.014569456479050677e+04
1.013138893189316150e+04
1.013083570720185708e+04
1.011828992459646361e+04
1.015920220577337204e+04
1.011064596110749699e+04
1.018041722815417234e+04
1.013261170535245401e+04
1.018802540684437008e+04
1.012645274992518353e+04
1.017178710701283308e+04
1.013490130735295679e+04
1.016280872943816757e+04
1.016899661791520521e+04
1.018724714859457526e+04
1.017293124377183631e+04
1.013290485633935532e+04
1.018282133872633312e+04
1.014109936700751132e+04
1.018347835995586865e+04
1.019059876972880738e+04
1.017252149156086853e+04
1.016785414199286970e+04
1.013515826940578336e+04
1.018582293982478586e+04
1.018412984702693757e+04
1.012935519209983613e+04
1.017841383933446195e+04
1.015828207696204845e+04
1.015030015877972619e+04
1.015384026989462109e+04
1.018721492859769205e+04
1.016367776201187917e+04
1.014310569684919756e+04
1.016307357947194214e+04
1.018704167726088599e+04
1.015873751381549846e+04
1.019411547774487371e+04
1.012936651386899393e+04
1.017624817309262471e+04
1.014729842797171477e+04
1.018027318391929111e+04
1.016281847754872797e+04
1.016101750397816613e+04
1.017009984374098894e+04
1.018479903100256524e+04
1.018472323902336575e+04
1.014419935997873108e+04
1.019625944654242994e+04
1.016563176395266964e+04
1.012420368755687196e+04
1.014939314808773088e+04
1.019596083473283761e+04
1.017714286083399020e+04
1.016762409288838353e+04
1.015330761789510871e+04
1.019435005944331169e+04
1.019103994144763419e+04
1.018753230193220043e+04
1.014721189684018282e+04
1.019731402082509521e+04
1.015815818042368664e+04
1.013724690946694318e+04
1.013813369995207904e+04
1.018151594410787948e+04
1.014316154816356902e+04
1.020047118589690945e+04
1.015846495549948486e+04
1.013241761349945591e+04
1.016272103857624825e+04
1.013798505092680534e+04
1.017623332903924711e+04
1.014924116204220627e+04
1.018030326427433647e+04
1.014220513169876904e+04
1.016890470816645939e+04
1.020265036935438548e+04
1.017529011698125032e+04
1.015910523813275540e+04
1.015288974109216724e+04
1.015335095879353503e+04
1.016275915555796382e+04
1.017896839346918023e+04
1.019962585055370255e+04
1.019860681698600274e+04
1.019723046978493221e+04
1.016853413230872138e+04
1.020191283631900296e+04
1.014924810931435604e+04
1.019177802237240212e+04
1.015109851928608259e+04
1.020227390274467507e+04
1.015763332022429859e+04
1.019664632446217911e+04
1.014808463652353566e+04
1.017452241693690848e+04
1.016266594873593749e+04
1.016706386816848135e+04
1.019770955448231689e+04
1.019949201678372265e+04
1.020440400244002376e+04
1.017356670967853643e+04
1.019631181753069723e+04
1.015075850503343827e+04
1.017387940084395268e+04
1.019097604261021479e+04
1.019756769290980810e+04
1.017053388106928833e+04
1.018406849209955362e+04
1.019369307288533855e+04
1.018277870463542058e+04
1.018731250789391925e+04
1.017725952503231201e+04
1.020410851993739743e+04
1.019316514170795745e+04
1.016345726622058464e+04
1.020729577361556221e+04
1.018293508011001904e+04
1.015941286421132645e+04
1.020338992124587458e+04
1.020614778139385271e+04
1.017671200514735210e+04
1.020083231229594639e+04
1.018423815530961838e+04
1.016720130597570642e+04
1.020821531866765872e+04
1.020447359382854484e+04
1.015992077344078825e+04
1.019861515782784409e+04
1.020318813084685280e+04
1.016649960195731182e+04
1.017458364387027541e+04
1.017147771334655226e+04
1.019837110943427251e+04
1.017078474752370312e+04
1.018869244340463592e+04
1.019769082495457042e+04
1.016918681910101623e+04
1.020667244728809965e+04
1.019932798021206145e+04
1.018970949135822229e+04
1.018437101985723530e+04
1.020811580045387200e+04
1.020408133256117981e+04
1.018600816142512122e+04
1.019680170872676172e+04
1.016498312670501218e+04
1.020552470665366127e+04
1.019486716228427395e+04
1.018193545946785343e+04
1.017512665301752349e+04
1.019642636632043468e+04
1.016911778630333720e+04
1.019771780205362120e+04
1.020869354040311009e+04
1.020945144809276644e+04
1.020830580453477523e+04
1.020693732544831619e+04
1.019517683411278449e+04
1.021026112762113371e+04
1.020068474253771092e+04
1.020351171259130024e+04
1.018412348384369943e+04
1.020188805160386073e+04
1.017348603107245799e+04
1.018641598305870866e+04
1.020246284296421072e+04
1.019980942281993157e+04
1.020958743131825395e+04
1.020594998413711983e+04
1.021040109802727056e+04
1.020397219195640537e+04
1.018711426359541292e+04
1.020324636958825613e+04
1.020925992335826959e+04
1.018732292679760030e+04
1.020465321338505782e+04
1.019917701574409512e+04
1.020335511359088378e+04
1.021048602692691202e+04
1.018351628702710877e+04
1.019286741392253862e+04
1.020949933413566214e+04
1.017654693900151142e+04
1.019680266454596676e+04
1.018453378105850061e+04
1.020817209777656353e+04
1.019788267182905838e+04
1.020773516943687355e+04
1.021068295460403351e+04
1.020803846341928875e+04
1.020846809152547939e+04
1.018567786150585562e+04
1.021070376781348750e+04
1.020884953992281044e+04
1.019326272939898445e+04
1.018288712422753997e+04
1.019428243332490274e+04
1.019400926464727672e+04
1.020493407602499610e+04
1.019796655278966500e+04
1.020562779891305945e+04
1.021069533463869266e+04
1.021062598037312091e+04
1.018603954407225501e+04
1.021072006092104129e+04
1.021057249603803575e+04
1.021072856972218688e+04
1.020383564237247083e+04
1.019417276662804397e+04
1.020049989682577507e+04
1.019682892467703641e+04
1.019729143331891646e+04
1.019622141097144231e+04
1.021078793996203058e+04
1.021074619299786355e+04
1.020070405212359583e+04
1.021076361557313430e+04
1.018982003019320837e+04
1.021050668911168032e+04
1.021064356656724885e+04
1.019353522515576697e+04
1.019397671310657279e+04
1.021064301358381090e+04
1.020869979104328377e+04
1.020938108079130325e+04
1.019939201303586015e+04
1.021072134314509276e+04
1.020839129060081723e+04
1.019383755715946791e+04
1.021077964523101036e+04
1.020866149597358344e+04
1.020974402043565169e+04
1.019880646933396383e+04
1.021053377218023707e+04
1.020864513264309244e+04
1.019650631197425719e+04
1.020850140463554635e+04
1.021050349083692527e+04
1.020772127587337491e+04
1.020674237529687525e+04
1.020079895548691638e+04
1.020002855519850164e+04
1.020953819328069585e+04
1.021085290481328957e+04
1.020856132328930653e+04
1.020670640513936632e+04
1.021041465231863913e+04
1.020702195254542312e+04
1.021095094720974157e+04
1.019824345728276967e+04
1.020614763786657022e+04
1.020517149478604188e+04
1.021021793978581627e+04
1.020667368505247396e+04
1.021050572233407183e+04
1.020336780058432305e+04
1.021086373461880794e+04
1.020791744206445765e+04
1.021090944052394116e+04
1.021082896130104746e+04
1.020753889784538478e+04
1.020213954477086736e+04
1.020947911363249841e+04
1.021049489227429694e+04
1.021045835599150450e+04
1.020845822820466492e+04
1.020158557445721090e+04
1.020478279111225311e+04
1.020468670635001035e+04
1.020984157816088373e+04
1.021084353542807912e+04
1.020981868257535643e+04
1.020989344260932376e+04
1.021099688853159751e+04
1.020929285470996183e+04
1.020969672307614019e+04
1.020455380943593991e+04
1.021085712959954435e+04
1.020952098461451169e+04
1.020481282934189949e+04
1.020581257318047392e+04
1.021037251748709605e+04
1.021107599280573595e+04
1.021070311381767351e+04
1.021083051518300272e+04
1.020263187828659829e+04
1.020279568271486278e+04
1.021109498226332289e+04
1.021016411652264833e+04
1.020504637607254153e+04
1.020201614090455587e+04
1.020294423253229616e+04
1.020622640790231890e+04
1.020673589169484330e+04
1.020930044652092693e+04
1.021111409081458442e+04
1.020033253212242198e+04
1.020363430385847278e+04
1.021034542992863317e+04
1.020025341954677606e+04
1.020932507054821690e+04
1.021098982265856284e+04
1.021094853116536979e+04
1.021096799410510357e+04
1.020600329746283933e+04
1.020983917879569162e+04
1.021109254010944824e+04
1.020749211941188878e+04
1.020567166967353842e+04
1.021022050932616730e+04
1.020640620827889688e+04
1.020996547169711448e+04
1.020057691484678253e+04
1.020822068264035261e+04
1.020647550028506157e+04
1.021119237290985075e+04
1.020897283005714417e+04
1.021121808529408736e+04
1.020087170777249412e+04
1.020910845902975962e+04
1.019661740378982722e+04
1.021105531527031235e+04
1.020481851904014547e+04
1.020589465239743186e+04
1.020992448779715232e+04
1.020950076543979594e+04
1.021080156461699517e+04
1.021125855729898285e+04
1.021114243863415868e+04
1.020854803931085189e+04
1.020482442306340999e+04
1.021120304880399635e+04
1.020406179606377191e+04
1.019156169993723779e+04
1.019922479444914279e+04
1.020217301309776121e+04
1.020610879276852211e+04
1.021077123676024166e+04
1.020140853859247181e+04
1.019426465197165453e+04
1.021107454523161505e+04
1.021101224511359214e+04
1.018971151898481367e+04
1.021020426393908019e+04
1.020136074909627678e+04
1.021054292635592356e+04
1.020117783450002753e+04
1.021085093658872574e+04
1.019089762369340315e+04
1.020558148971871196e+04
1.018903490368315579e+04
1.021079504535690467e+04
1.019807555561481240e+04
1.021110602312370975e+04
1.021131645342736374e+04
1.021057721351984947e+04
1.019346799284765621e+04
1.020926732933728272e+04
1.018972300956539220e+04
1.019219251468409493e+04
1.018432639725378431e+04
1.019453353052188686e+04
1.020731233041450287e+04
1.020329658489777648e+04
1.021128988748040683e+04
1.020247503867471642e+04
1.019220447370184775e+04
1.018475036384668056e+04
1.021136713394402250e+04
1.019208782658912241e+04
1.021049468295068436e+04
1.020263391684772068e+04
1.021152535998841086e+04
1.019493227978962386e+04
1.020805203291062935e+04
1.020626927788584726e+04
1.021064049579302991e+04
1.018780082086028960e+04
1.019420826884743110e+04
1.021049109098828194e+04
1.017907943473854539e+04
1.020364394163302131e+04
1.021098600415455076e+04
1.020745432148257532e+04
1.020985608201836658e+04
1.020752024889233508e+04
1.018744422749742444e+04
1.020470809435120827e+04
1.018391952033536290e+04
1.020091939704129982e+04
1.018202997214318748e+04
1.020342983020921201e+04
1.017671812694047003e+04
1.017936533844995574e+04
1.021163027919644810e+04
1.020728574069856040e+04
1.019623686584138159e+04
1.018819475044942192e+04
1.019066932902680855e+04
1.019122642973103757e+04
1.019328937271884388e+04
1.019943245565477810e+04
1.020468966154955342e+04
1.021143654746575703e+04
1.019888472254859153e+04
1.019634033871638167e+04
1.021153411216434870e+04
1.020557936889061057e+04
1.019069261681708304e+04
1.020904655048427412e+04
1.020774642364609099e+04
1.020927090988332202e+04
1.020602257946706777e+04
1.020768292803725672e+04
1.020093059048569921e+04
1.021116050115449798e+04
1.020799869029380716e+04
1.019244184281552225e+04
1.019875563390994466e+04
1.021011377316907237e+04
1.020785353359552573e+04
1.020779057175983871e+04
1.020876852069545384e+04
1.020296609337561858e+04
1.020990559012537051e+04
1.018668155450939958e+04
1.019031796416793622e+04
1.019516998355679789e+04
1.016995688028474069e+04
1.018365524585144885e+04
1.020306314232361365e+04
1.020983868903965595e+04
1.019688411392559465e+04
1.021084877955257434e+04
1.020491849632012054e+04
1.017507601468393113e+04
1.020900226342661699e+04
1.020482157518709027e+04
1.020488358264042472e+04
1.020845528987658327e+04
1.018082365738208864e+04
1.018907878715157131e+04
1.020265720300584144e+04
1.019741823091775223e+04
1.018218478432801203e+04
1.021017108809395359e+04
1.016114008055962040e+04
1.020701417717933145e+04
1.019835456168938254e+04
1.017846694090387609e+04
1.018152064448965575e+04
1.020279316298178128e+04
1.017083896967395776e+04
1.019669670596229662e+04
1.016953375837809654e+04
1.017568257937495400e+04
1.020180463517695352e+04
1.016722776397071721e+04
1.015956603765865293e+04
1.020825551588803683e+04
1.018833029970708958e+04
1.019170616165944557e+04
1.020391995878779380e+04
1.019980001432516656e+04
1.020738256434028881e+04
1.017655349864528580e+04
1.019527439547728500e+04
1.017671852476691311e+04
1.017415133189696826e+04
1.017510860600490741e+04
1.015763269378479890e+04
1.018497024298993892e+04
1.019575418863065534e+04
1.015175929130077748e+04
1.015947717083558200e+04
1.016037511970699961e+04
1.018390286826018018e+04
1.018009647683530602e+04
1.020011928872235876e+04
1.017196929806789558e+04
1.020523536336571306e+04
1.019977903862794119e+04
1.018392595940969659e+04
1.015942955108834394e+04
1.016942497688588628e+04
1.016890881638658539e+04
1.017985537657814893e+04
1.017575479409972286e+04
1.017400034389570646e+04
1.019612392513207124e+04
1.018096915733128117e+04
1.017936628271437621e+04
1.015292292347025614e+04
1.019216738858729877e+04
1.015618469958966489e+04
1.019926087393678426e+04
1.018640178624894179e+04
1.019633118693056713e+04
1.015536909526984891e+04
1.019460316149384562e+04
1.020371709474629097e+04
1.015957856927482135e+04
1.015408690535720416e+04
1.019011726908747187e+04
1.018644905054961237e+04
1.018878644703515238e+04
1.017527534964423103e+04
1.015211102890016264e+04
1.018560372700928929e+04
1.020024990676547895e+04
1.014658027319603934e+04
1.017613103996047175e+04
1.019905063166401487e+04
1.019728992097123410e+04
1.015424415708080232e+04
1.014913142564640475e+04
1.017900008220133532e+04
1.015428507655292924e+04
1.019663643897741531e+04
1.019125974899479661e+04
1.018197355473073912e+04
1.016271913435233728e+04
1.019586390716281858e+04
1.019218627871098033e+04
1.017366573231449911e+04
1.018323787330587038e+04
1.016186146721512705e+04
1.019365020053827357e+04
1.014638563609888661e+04
1.019562295279614227e+04
1.015626257092719607e+04
1.015591193095617564e+04
1.016334366359159685e+04
1.013544509162725262e+04
1.015941789410659112e+04
1.018495766767633540e+04
1.013348896659916500e+04
1.014425336751152645e+04
1.017937208137794005e+04
1.017116838631267274e+04
1.019389376220973281e+04
1.012415143718832587e+04
1.017917090763331544e+04
1.014318020231543778e+04
1.016793127837861539e+04
1.018876741758727439e+04
1.018319058367327489e+04
1.017534759791419128e+04
1.019372276178247739e+04
1.018918397545775224e+04
1.019337642602902997e+04
1.014859744560480976e+04
1.016706967632942542e+04
1.015924112802771742e+04
1.014660023858473869e+04
1.019337686007420234e+04
1.011770423835959627e+04
1.011655251150205186e+04
1.018228372021037285e+04
1.017766424566974274e+04
1.015514631435723277e+04
1.012088901669625739e+04
1.017980951345009271e+04
1.017018026033691058e+04
1.018934136163138828e+04
1.018906208994537701e+04
1.011410923904342962e+04
1.018693618040104593e+04
1.014364940505547202e+04
1.011618688724680942e+04
1.017221675563999997e+04
1.018622099360269931e+04
1.018461743115939498e+04
1.010630606948658897e+04
1.015499594213975615e+04
1.015299460964603895e+04
1.016087674100870026e+04
1.015600778687146521e+04
1.016338074161743862e+04
1.017902462058593301e+04
1.012368933024713624e+04
1.013950533694182195e+04
1.012343571191107912e+04
1.010814444573205219e+04
1.018530761391291708e+04
1.012569859597396680e+04
1.016148314787677191e+04
1.018102474850506405e+04
1.014092366951809163e+04
1.012524457363471811e+04
1.010735946413471538e+04
1.014049947283778238e+04
1.017183759679093964e+04
1.013166449683231440e+04
1.013909846673497123e+04
1.018379901011973561e+04
1.013302328856189706e+04
1.017384041233314929e+04
1.013853006604229449e+04
1.017375865321021229e+04
1.009815658485800668e+04
1.010854339633948257e+04
1.015874369271542673e+04
1.012524093904538131e+04
1.013261793006044718e+04
1.016679443903232277e+04
1.015677924258951862e+04
1.011932584283388860e+04
1.015265278848952039e+04
1.015582304301982913e+04
1.014100815808929110e+04
1.015224502548575583e+04
1.014312428119333345e+04
1.013215105318167662e+04
1.015170574341862266e+04
1.012962131538049471e+04
1.012305710815252314e+04
1.014796581284308922e+04
1.008268460355879870e+04
1.013452483252576167e+04
1.010952639807663945e+04
1.015106317167502493e+04
1.014476533581199510e+04
1.009162467668690442e+04
1.011568279533819077e+04
1.013108025807515151e+04
1.011604640334657051e+04
1.014581530151208062e+04
1.014184498262752459e+04
1.015346601183751409e+04
1.010846936739346347e+04
1.014009205155088239e+04
1.011449884505329646e+04
1.015759388557043167e+04
1.007304882321980949e+04
1.007625255697713146e+04
1.009213899691663573e+04
1.009161933127660086e+04
1.013639435044393940e+04
1.014038639571733620e+04
1.013662872187803441e+04
1.008268779597495450e+04
1.015029304367392797e+04
1.011333208116740025e+04
1.008413855161851461e+04
1.008113002235370004e+04
1.011070866532605760e+04
1.011688644616323108e+04
1.006561836770450645e+04
1.011932715128420386e+04
1.006015712103226178e+04
1.008403216499973132e+04
1.012278060812031617e+04
1.005627060304074075e+04
1.005983301528128504e+04
1.012451824340456551e+04
1.007749306379531117e+04
1.011856713896019937e+04
1.009139181750717944e+04
1.009846572398634817e+04
1.007084634246035057e+04
1.007688051508029821e+04
1.013939115331599169e+04
1.010771559391014671e+04
1.012022095427879503e+04
1.015134312563322601e+04
1.014146220550695216e+04
1.014332567273078530e+04
1.007331521215764769e+04
1.008335639761084713e+04
1.015004414136135529e+04
1.007417066373729904e+04
1.005194374524081832e+04
1.006784711362706912e+04
1.010896336458957921e+04
1.009974519453236280e+04
1.009901514612677056e+04
1.011053798782621197e+04
1.010309578507118385e+04
1.005419015101639161e+04
1.009844409713507412e+04
1.013576667063501736e+04
1.010086266191811228e+04
1.012810910096462976e+04
1.009361474362836452e+04
1.007823238271112314e+04
1.008849146934740202e+04
1.014405244497607964e+04
1.013498428610030896e+04
1.011406162947197117e+04
1.004369395675058331e+04
1.003763116418864956e+04
1.005799156588203368e+04
1.005119491943435969e+04
1.005773726358592467e+04
1.003932107863374586e+04
1.012265907113648973e+04
1.013755159436644317e+04
1.008921731865713446e+04
1.007932426628775829e+04
1.012718974935279584e+04
1.011062252340662235e+04
1.007541040278549553e+04
1.010355017712649715e+04
1.007627072054967357e+04
1.010195885726173947e+04
1.010290755873458693e+04
1.007128291333492962e+04
1.013928356910443836e+04
1.013053203964852764e+04
1.009834752759502589e+04
1.006836905943113743e+04
1.003649827217675556e+04
1.012389797557985003e+04
1.009578886033313393e+04
1.012206564840315514e+04
1.013520930035279889e+04
1.008433422146264456e+04
1.006781390433018896e+04
1.011939166538385507e+04
1.002776340385610820e+04
1.013350671524152494e+04
1.003157114031692981e+04
1.002701729523739414e+04
1.013273718930682116e+04
1.003319510467121290e+04
1.004703555416652489e+04
1.012847629019748820e+04
1.006822871478201705e+04
1.011761308489951443e+04
1.005050624342284027e+04
1.006508704562830280e+04
1.005450727909077978e+04
1.006611538712947731e+04
1.004214659057294375e+04
1.008341736186202070e+04
1.008396804120320121e+04
1.009175232100149151e+04
1.009766894522282200e+04
1.007630034331859679e+04
1.005712236708643832e+04
1.010222618473185685e+04
1.005685707922974325e+04
1.000854288215935776e+04
1.004727413140113276e+04
1.007796114850267986e+04
1.008408249320736832e+04
1.004522457613089318e+04
1.008495067295368608e+04
1.005206371691340064e+04
1.001417967431009492e+04
1.011912772750766999e+04
1.011808473393352870e+04
1.008320768788460555e+04
1.004357356213802996e+04
1.005235663706296145e+04
1.003806481289717522e+04
1.002118807086028391e+04
1.005984877669277375e+04
1.008984770703047798e+04
1.004245569143316970e+04
1.001455869513488688e+04
1.006254024504740846e+04
1.008400889434674718e+04
1.008739827719850109e+04
1.006565933413172024e+04
1.009935147120699730e+04
1.009950164609794228e+04
1.009944522726941432e+04
1.009987046520880358e+04
9.999974988670071980e+03
1.010960271605206253e+04
1.002082602655881965e+04
1.007915478954411446e+04
1.006442280657422998e+04
1.003989343392454066e+04
1.003460569098203086e+04
1.005761803069527923e+04
1.005529486299691052e+04
1.007089248976270392e+04
1.002368458578153513e+04
1.006251158405782735e+04
1.006616517732446846e+04
1.002807414001507641e+04
9.988558130848321525e+03
1.008241190315580570e+04
1.007989877807394987e+04
1.008265153192475736e+04
1.006289504944469263e+04
1.006127923842508062e+04
9.993036248043346859e+03
9.981803849157900913e+03
1.006891880911940825e+04
1.003422676392348330e+04
1.001326896130727255e+04
9.979968852838099338e+03
1.008289028365622107e+04
1.005196031519373901e+04
1.003833650733265313e+04
9.992678912197407044e+03
1.007470817407662071e+04
1.007194985443747828e+04
1.001447547245322494e+04
1.002877505333626686e+04
1.002602293905352781e+04
1.002560144735185713e+04
1.001925298542410019e+04
9.967420254362046762e+03
1.002041438073556856e+04
9.982936550431175419e+03
9.978947000112715614e+03
1.005392658811709771e+04
1.007190701577643085e+04
1.004138718855077423e+04
1.003851020192137912e+04
9.971281293056359573e+03
1.003612017683572958e+04
1.001274207210371969e+04
9.999719235928367198e+03
9.970917812853922442e+03
1.006154711089158263e+04
9.968462700504458553e+03
9.987291406203090446e+03
1.000405285529584398e+04
1.002959319366827185e+04
1.006997007769218362e+04
9.981328490474779755e+03
9.967958911991574496e+03
1.005935046358462569e+04
9.952054142295375641e+03
9.968981183853413313e+03
1.000246374674049184e+04
1.001024509780721019e+04
1.000096689021797101e+04
1.006558711007182137e+04
1.001154832229317435e+04
9.961973009311515852e+03
1.006552970329758864e+04
1.002621969049500331e+04
1.002838132214443976e+04
1.000932547672502915e+04
9.988356440179846686e+03
1.002966510539419687e+04
1.001494380844099578e+04
9.960568460683058220e+03
9.955265326668795751e+03
9.967960293218779043e+03
1.005893010962787594e+04
9.981719335475514526e+03
9.975448377901242566e+03
1.001260424046490152e+04
9.970104361353904096e+03
9.994819717870588647e+03
1.005041628218864753e+04
1.004235195371270675e+04
1.004081856745930054e+04
1.000269419415533048e+04
9.972443078563321251e+03
9.957732931549187924e+03
9.983306371291284449e+03
1.001437518419939079e+04
9.950082929447178685e+03
1.004433350881850129e+04
9.968390919750647299e+03
1.003389954597025098e+04
1.004687843440742472e+04
9.924307118292479572e+03
1.000278387990423653e+04
9.938816064755583284e+03
9.929527134666957863e+03
9.987002625853781865e+03
9.954288066521876317e+03
9.929363208115277303e+03
1.000658151753898346e+04
9.974242015053350769e+03
9.981309666691040547e+03
9.992600082902637951e+03
9.996057035763877138e+03
9.920478888227902644e+03
9.937417979236741303e+03
1.003295877331448355e+04
1.002520240522095810e+04
1.000778801904627653e+04
9.977208753842609440e+03
9.941533099015954576e+03
1.002980108693568400e+04
1.001346256730292225e+04
9.944598649148498225e+03
9.926647483014072350e+03
1.001696171215283357e+04
9.940680931893020897e+03
9.922816758258288246e+03
1.001197094570110312e+04
9.996400412260085432e+03
9.909356482808105284e+03
9.914168604708322164e+03
1.001851850862091851e+04
9.937759798419514482e+03
9.984742894410081135e+03
9.959039498419759184e+03
9.977856888428408638e+03
9.957955354542751593e+03
9.947493620176361219e+03
9.921871526017996075e+03
9.912183604481626389e+03
9.950857426021173524e+03
9.930837432306412666e+03
9.982158038974886949e+03
9.938331280972288369e+03
9.965654252520140290e+03
9.900926582652384241e+03
9.976878186925992850e+03
9.929890409092760819e+03
9.919868125161212447e+03
9.970615783515268049e+03
9.957493520823563813e+03
9.906833195427589089e+03
9.997470316203618495e+03
9.938789807188783016e+03
9.994056229599158542e+03
9.917418681210425348e+03
9.953271230690570519e+03
9.902571646918016995e+03
9.983748218165981598e+03
9.918670651675502086e+03
9.975304962044734566e+03
9.954511098564100394e+03
9.951907717779984523e+03
9.961897084975018515e+03
9.996769800550735454e+03
9.940425551501110021e+03
9.965178953999038640e+03
9.933069647144659029e+03
9.938057122544638332e+03
9.896267457493426264e+03
9.978948218294188337e+03
9.968001793277808247e+03
9.919869930113547525e+03
9.908370872678109663e+03
9.945379653746584154e+03
9.953328768479421342e+03
9.935378445387692409e+03
9.973919514481935039e+03
9.918663154153588039e+03
9.912190965130321274e+03
9.990633713230163266e+03
9.957115581157329871e+03
9.965270724370520838e+03
9.951653248656322830e+03
9.961786975004768465e+03
9.972917113717114262e+03
9.987573505968119207e+03
9.883180086980211854e+03
9.914024331121183423e+03
9.890444423148810529e+03
9.932034896120645499e+03
9.991049123524840979e+03
9.974377057426609099e+03
9.897696110778288130e+03
9.946069142750797255e+03
9.987262985137635042e+03
9.926195955970493742e+03
9.949048442361616253e+03
9.932657556731546720e+03
9.874711274727704222e+03
9.896448517318483937e+03
9.884252604525596325e+03
9.933599728794244584e+03
9.946687359002229641e+03
9.902017576911826836e+03
9.906793421469808891e+03
9.947163911855857805e+03
9.973959226263948949e+03
9.952423549010951319e+03
9.898118150166787018e+03
9.873131253950372411e+03
9.910564498186899073e+03
9.939348236756623010e+03
9.901979374449758325e+03
9.867489030734563130e+03
9.933925831008398745e+03
9.979978750776032030e+03
9.954386588157454753e+03
9.868008655611020004e+03
9.902063270009595726e+03
9.898882054781764964e+03
9.951572799237490472e+03
9.900903954057794181e+03
9.865068894595015081e+03
9.943808367304438434e+03
9.923611645480135849e+03
9.951476398725171748e+03
9.905572388960697936e+03
9.949034090527859007e+03
9.963354982687167649e+03
9.966323636628174427e+03
9.950342275098037135e+03
9.865424046379341235e+03
9.948010533152189964e+03
9.870349799540659660e+03
9.899342267513899060e+03
9.885357462688874875e+03
9.959815776478815678e+03
9.918278493369925854e+03
9.956539869221523986e+03
9.916751281370196011e+03
9.868282189395056776e+03
9.891829109852073088e+03
9.934861833672439388e+03
9.879418076736361400e+03
9.888629038844292154e+03
9.919153224673014847e+03
9.955909162254853072e+03
9.853947200568920380e+03
9.881861849293671185e+03
9.906680801694417823e+03
9.947167966415523551e+03
9.884125198324609300e+03
9.929714799634262818e+03
9.857174961655749939e+03
9.906082789634347137e+03
9.872107868476441581e+03
9.937096479482230279e+03
9.933910753363312324e+03
9.913370070420271077e+03
9.938464274802185173e+03
9.877824958626970329e+03
9.927350593464725534e+03
9.948155954793961428e+03
9.892970200214665965e+03
9.892898088875997928e+03
9.900775060472968107e+03
9.947897429077884226e+03
9.944912854773881918e+03
9.940300006572762868e+03
9.851167812898269403e+03
9.916050913802275318e+03
9.887716900793049717e+03
9.870973339118279910e+03
9.853663601880391070e+03
9.865592497228484717e+03
9.907526499031055209e+03
9.918142122978513726e+03
9.873673068301857711e+03
9.901584493134818331e+03
9.856597047364351965e+03
9.922756466154611189e+03
9.883753689066334118e+03
9.863913019819055990e+03
9.935487019503207193e+03
9.858942636576708537e+03
9.919970912261071135e+03
9.844564346138497058e+03
9.912059544214193011e+03
9.851095935934699810e+03
9.867416500173441818e+03
9.835262579428903337e+03
9.885567634304406965e+03
9.865395680620315034e+03
9.889990005698906316e+03
9.884760178314039877e+03
9.889111589820480731e+03
9.835028218212148204e+03
9.832304195064867599e+03
9.829329108075984550e+03
9.839657688293747924e+03
9.880786459744378590e+03
9.919103129731149238e+03
9.913477095770758751e+03
9.853030653248457384e+03
9.914119212457666436e+03
9.827884011809655931e+03
9.896631931438767424e+03
9.879598140749210870e+03
9.835390657548694435e+03
9.853778494786918600e+03
9.831320178215017222e+03
9.875479221813935510e+03
9.875317009334490649e+03
9.868352149502323300e+03
9.874014078621908993e+03
9.861106816994999463e+03
9.840773950083621457e+03
9.833316968890800126e+03
9.821394672884274769e+03
9.903600376816877542e+03
9.846447285200565602e+03
9.877999664121443857e+03
9.905759992350784159e+03
9.839939433854784511e+03
9.897687145296757080e+03
9.828829190845035555e+03
9.860790707328971621e+03
9.823154333451124330e+03
9.902033735099144906e+03
9.868594456219820131e+03
9.896914900128878799e+03
9.881447815783556507e+03
9.821190869613685209e+03
9.821990026359453623e+03
9.832919977797530009e+03
9.849456499967594937e+03
9.822647917606589544e+03
9.819985109789751732e+03
9.812446079683275457e+03
9.858162771208000777e+03
9.891432237048235038e+03
9.812469697861781242e+03
9.865787898685079199e+03
9.819580664750372307e+03
9.878072059477870425e+03
9.816202264779069083e+03
9.857307494444479744e+03
9.825543620865033517e+03
9.875412429709662320e+03
9.814177529289310769e+03
9.851625148702580191e+03
9.879278441286807720e+03
9.861625337943489285e+03
9.874996572713338537e+03
9.869113791150868565e+03
9.813487918180684574e+03
9.855637919320563014e+03
9.830485350097595074e+03
9.815466420241924425e+03
9.869378784044867643e+03
9.847686872105829025e+03
9.820759111816265431e+03
9.808052489746767606e+03
9.843686268075109183e+03
9.872331698276917450e+03
9.824506610949487367e+03
9.828805129336476966e+03
9.849697218156641611e+03
9.822979288418175202e+03
9.879299683111788909e+03
9.809276241444506013e+03
9.820668221834170254e+03
9.815801105031709085e+03
9.811821118124431450e+03
9.840211021253317085e+03
9.828298317390186639e+03
9.849306459272371285e+03
9.814525480834998234e+03
9.849279832398939106e+03
9.807376935429456353e+03
9.824413661090426103e+03
9.861466064436452143e+03
9.806569578888053002e+03
9.809919165003948365e+03
9.841284693549105214e+03
9.856634392723601195e+03
9.854556909035500212e+03
9.810385440670714161e+03
