9.924698947866514573e+03
9.912889088302223172e+03
9.905490129619734944e+03
9.898466286385410058e+03
9.901316954382949916e+03
9.924988594714281135e+03
9.927791511560857543e+03
9.914776953969358146e+03
9.898521166464724956e+03
9.900880210099778196e+03
9.926339476224482496e+03
9.922665840937779649e+03
9.910781459350393561e+03
9.901065025260517359e+03
9.899570210990499618e+03
9.916017105304510551e+03
9.907559141759958948e+03
9.896541330388407005e+03
9.894817265072639202e+03
9.900206007804205001e+03
9.923256442471914852e+03
9.916950400173633170e+03
9.911878697061705680e+03
9.895709329816738318e+03
9.914448678995373484e+03
9.917487241550001272e+03
9.898294596358862691e+03
9.897223592874182941e+03
9.896035874591476386e+03
9.908103673965053531e+03
9.899418018909036618e+03
9.922703650149918758e+03
9.906089757358266070e+03
9.894625676978064803e+03
9.904389946802371924e+03
9.898497874535913070e+03
9.915862725700257215e+03
9.898094467608478226e+03
9.898776520477958911e+03
9.902070806104184157e+03
9.916435010762026650e+03
9.895950420108616527e+03
9.903514672494382467e+03
9.913717871431001186e+03
9.892687810420129608e+03
9.897339884870083552e+03
9.900910338633118954e+03
9.898669596291550988e+03
9.912240830482649471e+03
9.913848455826779173e+03
9.899123595068338545e+03
9.900349258956193808e+03
9.892292527395404250e+03
9.906108496438357179e+03
9.900766577819587837e+03
9.890742460496370768e+03
9.901629194496315904e+03
9.904771860607057533e+03
9.896313495872473140e+03
9.910069815474073039e+03
9.897670334928890952e+03
9.896679535753133678e+03
9.894761690234505295e+03
9.890367423297049754e+03
9.896600872780518330e+03
9.900694324152616900e+03
9.900941079538490158e+03
9.890599017925342196e+03
9.890818229523749324e+03
9.897379709637485576e+03
9.898177948885781007e+03
9.890675366484787446e+03
9.902526250065171553e+03
9.901293198916353504e+03
9.890849576297101521e+03
9.904085337555006845e+03
9.899722312893163689e+03
9.890145281732993681e+03
9.890128555707924534e+03
9.892672353841169752e+03
9.901154468078284481e+03
9.890535860526588294e+03
9.897004354772598163e+03
9.890734852228473756e+03
9.892869566094017500e+03
9.890577629571351281e+03
9.899759691976829345e+03
9.897961178942288825e+03
9.891290709252290981e+03
9.890472093206073623e+03
9.890296236803787906e+03
9.893213420851981937e+03
9.890126518744016721e+03
9.890330479928363275e+03
9.891526978845846315e+03
9.892793739582370108e+03
9.890164928301885084e+03
9.889848250044395172e+03
9.889799826598078653e+03
9.891965554193395292e+03
9.892932586269340391e+03
9.892354022809604430e+03
9.892053957704170898e+03
9.889799361016839612e+03
9.890098043813930417e+03
9.892557349393058757e+03
9.891038419810241976e+03
9.891558420688355909e+03
9.892637230277510753e+03
9.889871808175901606e+03
9.889667566362926664e+03
9.890293580896743151e+03
9.890140629334609912e+03
9.893498621359638491e+03
9.890787543823196756e+03
9.892535310002371261e+03
9.889460399077881448e+03
9.893574545639554344e+03
9.889473243504040511e+03
9.891684850018158613e+03
9.889418676130584572e+03
9.892923704213681049e+03
9.890490867317797893e+03
9.891749990238966348e+03
9.889288078783261881e+03
9.889882395768698188e+03
9.889785028923637583e+03
9.889424180566167706e+03
9.890244847880334419e+03
9.890983574469759333e+03
9.889615078604645532e+03
9.889567394781230178e+03
9.890480543140758527e+03
9.896030092879464064e+03
9.889079301691010187e+03
9.894453759599091427e+03
9.889089652580214533e+03
9.890123246637656848e+03
9.889220538335262972e+03
9.889735702157782725e+03
9.889195627852126563e+03
9.893679456602096252e+03
9.889651594095274049e+03
9.889039018044564727e+03
9.888920611253975949e+03
9.888884080977062695e+03
9.901174530081420016e+03
9.888865161415311377e+03
9.900175086064669813e+03
9.888974294656483835e+03
9.889976784824248170e+03
9.894013471187143296e+03
9.889563228744576918e+03
9.894711735093895186e+03
9.890947392237176246e+03
9.889287546823194134e+03
9.891546546752973882e+03
9.891210725908493259e+03
9.889346367753971208e+03
9.890132185988130004e+03
9.904433258088325601e+03
9.893680308748831521e+03
9.888587352275530066e+03
9.888737620806381528e+03
9.895806566177239802e+03
9.903552151432317260e+03
9.889063915489299688e+03
9.888385187297153607e+03
9.888646287427127390e+03
9.890745046730886315e+03
9.890045461131223419e+03
9.893989294072021949e+03
9.901191113165659772e+03
9.889970574112541726e+03
9.898126382051603287e+03
9.888627266982641231e+03
9.888411533070055157e+03
9.900084663588650074e+03
9.893275251606612073e+03
9.891597897076215304e+03
9.888566081835941077e+03
9.895055680097679215e+03
9.895449368412964759e+03
9.890291499340908558e+03
9.898706572813045568e+03
9.904654706280778555e+03
9.888985213250729430e+03
9.904396804871765198e+03
9.907014183838960889e+03
9.891772658211615635e+03
9.902879200650279017e+03
9.889214493576519089e+03
9.909764097612507612e+03
9.893028726395732519e+03
9.898695776353220936e+03
9.898665464719131705e+03
9.889708501920198614e+03
9.906257765737886075e+03
9.893667986441314497e+03
9.896014218209767932e+03
9.901268335022783504e+03
9.892088094857814212e+03
9.894434883666783207e+03
9.905317243522675199e+03
9.898958827645761630e+03
9.916761457060038083e+03
9.915985171643269496e+03
9.892869563413261858e+03
9.899742238231649026e+03
9.898022041061958589e+03
9.894109885710049639e+03
9.905245245864029130e+03
9.920184383814419562e+03
9.906549105527215943e+03
9.893237363096515764e+03
9.903889587578392820e+03
9.894171507623115758e+03
9.894423255058347422e+03
9.919984919781232747e+03
9.896140134704199227e+03
9.909703267356788274e+03
9.898554818148411869e+03
9.899682974688786999e+03
9.891927520188693961e+03
9.910424144156686452e+03
9.924870994758088273e+03
9.924085554920440700e+03
9.921684308312498615e+03
9.902691098180823246e+03
9.912694646496189307e+03
9.910727787075051310e+03
9.908846490451223872e+03
9.930869663216401023e+03
9.895799952966295677e+03
9.911009206531225573e+03
9.912545618604066476e+03
9.894929757463436545e+03
9.896901339452679167e+03
9.922726592575827453e+03
9.929456683004134902e+03
9.898494643413736412e+03
9.932830950952326020e+03
9.902371173252045992e+03
9.920510902459138379e+03
9.906173739003565061e+03
9.936337285475128738e+03
9.897195376220419348e+03
9.927973593230193728e+03
9.915439945049767630e+03
9.919434575837249213e+03
9.925711701099797210e+03
9.937642303445116340e+03
9.904207195889082868e+03
9.917315789899161246e+03
9.899063447972797803e+03
9.906767104833177655e+03
9.900701857030237079e+03
9.932805353303854645e+03
9.937344567260162876e+03
9.904401270050077073e+03
9.901849611171548531e+03
9.904767362963426422e+03
9.900285719179219086e+03
9.906624367214984886e+03
9.938391020094210035e+03
9.920227299125492209e+03
9.913742899848242814e+03
9.914468951891542019e+03
9.941502853264320947e+03
9.904565190349923796e+03
9.924511871053642608e+03
9.912682016913153348e+03
9.922204669763845232e+03
9.906285432536773442e+03
9.946223852078883283e+03
9.907316138962702098e+03
9.932880119775651110e+03
9.906558690347608717e+03
9.909450945074653646e+03
9.915170696294731897e+03
9.936157590728504147e+03
9.907221641461615945e+03
9.923313129553564067e+03
9.926457089298090068e+03
9.934074551325385983e+03
9.944116875801084461e+03
9.950695743684816989e+03
9.915445976203749524e+03
9.916676552366587202e+03
9.915843315962169072e+03
9.946566340847824904e+03
9.906650453364469286e+03
9.956945687520834326e+03
9.932856418455341554e+03
9.935342024131001381e+03
9.927982963831973393e+03
9.943313684621853099e+03
9.948141158248474312e+03
9.950762142728823164e+03
9.935787830374156329e+03
9.953790574349570306e+03
9.909609386912357877e+03
9.954110579402651638e+03
9.932098395501605410e+03
9.954134422001210623e+03
9.912046506809327184e+03
9.946955221995294778e+03
9.911917140693256442e+03
9.936515332283983298e+03
9.932722002570890254e+03
9.912575022092090876e+03
9.946649562265678469e+03
9.947468559165799888e+03
9.938486214318279963e+03
9.937698242695518275e+03
9.925985103044544303e+03
9.948901443414695677e+03
9.932597956139823509e+03
9.919503054540786252e+03
9.967739107622344818e+03
9.972328689334419323e+03
9.934034895222483101e+03
9.964685677789728288e+03
9.927082727956434610e+03
9.947108859189940631e+03
9.959686082953106961e+03
9.935899284379547680e+03
9.931866466940484315e+03
9.938565595920941632e+03
9.978960571763496773e+03
9.981165818430483341e+03
9.925350827399031914e+03
9.965888924989900261e+03
9.953031154519649135e+03
9.934522489603748909e+03
9.957395757388230777e+03
9.971990563238572577e+03
9.953953133863633411e+03
9.934967980427709335e+03
9.990199647509096394e+03
9.942056604628631248e+03
9.964389363306410814e+03
9.990601790597891522e+03
9.967886757686406781e+03
9.970255520486283785e+03
9.952077937246547663e+03
9.981777116960272906e+03
9.966344382699662674e+03
9.960641600657303570e+03
9.989892579818631930e+03
9.955967153999286893e+03
9.945469490144820156e+03
9.994896256872252707e+03
9.977097190064618189e+03
9.951193470536632958e+03
9.964772295029499219e+03
9.959426396324535744e+03
9.967253008299037901e+03
9.983733436897082356e+03
9.967929014051249396e+03
9.994503596041660785e+03
9.946017257858982703e+03
9.965318800349426965e+03
9.987669236426041607e+03
1.000628812585767082e+04
9.975944111431024794e+03
9.966144589294541220e+03
9.970055188232192450e+03
9.952284416765594870e+03
9.981686909216583445e+03
9.965355817846855643e+03
9.951867667932392578e+03
9.991404769567405310e+03
9.959438961963736801e+03
9.983787138416790185e+03
9.969124188838984992e+03
9.999669478812065790e+03
9.959163546777277588e+03
9.982479078006308555e+03
1.000285168950634943e+04
1.000462425445165536e+04
9.995554485586306328e+03
1.000124060484670736e+04
9.988250492363731610e+03
9.987483397820322352e+03
9.996636659278867228e+03
9.990015469669817321e+03
9.982086811597828273e+03
9.958020225500513334e+03
9.998629611525369910e+03
9.970850055935963610e+03
9.997266962384632279e+03
9.977783219782049855e+03
9.976136982377011009e+03
9.975535878928067177e+03
1.002244381282423456e+04
9.960381976269001825e+03
9.972025072947530134e+03
9.969619228198103883e+03
1.002328433978611065e+04
1.001526465608587932e+04
9.983328903237988925e+03
9.987191956173855942e+03
9.973205102089064894e+03
9.997712382175644962e+03
1.000526032008809489e+04
1.000288228447579786e+04
9.987961412760394524e+03
1.000328654824665500e+04
9.983957181518486323e+03
1.003093620733298849e+04
9.992833972829135746e+03
1.003034891389173754e+04
9.993267389644381183e+03
1.001601002635414807e+04
9.997686867924818216e+03
9.985997641910424136e+03
9.990725708194089748e+03
9.987052246240826207e+03
1.002268354182251096e+04
1.002766962405337108e+04
9.995607952283613486e+03
1.001741471167350574e+04
9.990706678675656804e+03
1.003960498661962265e+04
1.003673997556017093e+04
1.001826877305651033e+04
1.002159755653027059e+04
1.000493397926577745e+04
1.000278832148182846e+04
1.002057398047710012e+04
1.002525960961210512e+04
1.001256138402696888e+04
1.004066959381609377e+04
1.000651086002214652e+04
1.004623850686537116e+04
1.003353070738635688e+04
1.002530498201801311e+04
1.002847637584374206e+04
1.001851979598932667e+04
1.004887917604184258e+04
1.003648910892817548e+04
1.001101250996700583e+04
1.001334665844261144e+04
1.004566829632287954e+04
1.004293396687339555e+04
1.003903332191480877e+04
1.005247509087484104e+04
1.003086731612338372e+04
1.003045989194244248e+04
1.004623703082223801e+04
9.999800720338425890e+03
1.004183570417067494e+04
1.001584632105356286e+04
1.003310996693289962e+04
1.005756347886483491e+04
1.005774666993932806e+04
1.003931972498858886e+04
1.000291079726800490e+04
1.004174941116364789e+04
1.003620825114566651e+04
1.002232072857961612e+04
1.002261955599754583e+04
1.000608706823040120e+04
1.004231493105550544e+04
1.002284859050386513e+04
1.001533250361347200e+04
1.004540199750789907e+04
1.001758338831371839e+04
1.003883570260050146e+04
1.005692647077197216e+04
1.002788190346980264e+04
1.002344651634646107e+04
1.005494321961509922e+04
1.004886097406308909e+04
1.006063027188306842e+04
1.006484510547313039e+04
1.004954960040771584e+04
1.002735787820982114e+04
1.006610135356769752e+04
1.002237697842012312e+04
1.005444334897988301e+04
1.003167882983286654e+04
1.004920058007686384e+04
1.005460498133850888e+04
1.004867160033601067e+04
1.006446423750202666e+04
1.001596389923229435e+04
1.003605748685288199e+04
1.004621385970806296e+04
1.006343646144266677e+04
1.003036201860963774e+04
1.007087676013103192e+04
1.005432914931860978e+04
1.003608332322878778e+04
1.007185087355908217e+04
1.006261693357433433e+04
1.003311996326219560e+04
1.004249838745786292e+04
1.006849232667838623e+04
1.007074925223096034e+04
1.002524822102935286e+04
1.004863305427239902e+04
1.007388904876494234e+04
1.004134116752589580e+04
1.007008851866262194e+04
1.007661459385521084e+04
1.006391266738420927e+04
1.006886971699764581e+04
1.005751328859109526e+04
1.003487994877754682e+04
1.007615544999992562e+04
1.006171543079329967e+04
1.005292943934179493e+04
1.005806547244129433e+04
1.006238746693038593e+04
1.006128305095500764e+04
1.005951775596905100e+04
1.004696049446459074e+04
1.008249483422273261e+04
1.006075144184563578e+04
1.007785955616780666e+04
1.008027801439220457e+04
1.007315242816569298e+04
1.008093657925982006e+04
1.006631239542555159e+04
1.007227681880622913e+04
1.005150199407011860e+04
1.005054092376979133e+04
1.007313777795913666e+04
1.007797021423646402e+04
1.007404818789219098e+04
1.004267590767116963e+04
1.007064115508923351e+04
1.006922597966875583e+04
1.005306380724295923e+04
1.005215235479854709e+04
1.004438734424134236e+04
1.007609065431712588e+04
1.008358942216512332e+04
1.007389903939831856e+04
1.008593931649640035e+04
1.008329090155001722e+04
1.005284072007597933e+04
1.008069635679517523e+04
1.008975534116351264e+04
1.006877110100770005e+04
1.005623519904399836e+04
1.006460530599172853e+04
1.008827686663758868e+04
1.006988983577182989e+04
1.008253050251709647e+04
1.008307345805361547e+04
1.009175020721904002e+04
1.006857184514663459e+04
1.006214057287303876e+04
1.008567697721297918e+04
1.008350725124663222e+04
1.007575084590025290e+04
1.008644099903426286e+04
1.005450149669661187e+04
1.005325832872404862e+04
1.008591364204031015e+04
1.009432592477825165e+04
1.007088370683943867e+04
1.007610633124928972e+04
1.006124508153110946e+04
1.008165967913538589e+04
1.008156103552987042e+04
1.009578074845672563e+04
1.009462979780773276e+04
1.006920897539168254e+04
1.009201693590664217e+04
1.008768933406810720e+04
1.008293647206992500e+04
1.009539990216384103e+04
1.007263715749182120e+04
1.009819979905236141e+04
1.006231058377941190e+04
1.006813012907127268e+04
1.009940555284032598e+04
1.009403342912850349e+04
1.009263190303814190e+04
1.009076588801247635e+04
1.009721377292071520e+04
1.008202379487251528e+04
1.009737277507312137e+04
1.008896664521676939e+04
1.008918609785067929e+04
1.009202163186999132e+04
1.009930417994378331e+04
1.008682485168835410e+04
1.007735095405276297e+04
1.008814288634379591e+04
1.008108188968600734e+04
1.009713771017871659e+04
1.007896312961367221e+04
1.010184361516416539e+04
1.009541301665297760e+04
1.009986294897655171e+04
1.009098516626561286e+04
1.010260680174368099e+04
1.009668387715055724e+04
1.008631079161186608e+04
1.009428863757524050e+04
1.008499080038571628e+04
1.008315793778449915e+04
1.009912843632923614e+04
1.008590595639202002e+04
1.010141481473598651e+04
1.009414692744962849e+04
1.008033491082793444e+04
1.009638382236663165e+04
1.008028459310735343e+04
1.010160169134921853e+04
1.010304875961989092e+04
1.010085337146521306e+04
1.009812634136262204e+04
1.010445779541615775e+04
1.008560068338281781e+04
1.009108455788714855e+04
1.008761292059106563e+04
1.008822717418574393e+04
1.008289797936279501e+04
1.010287156916085587e+04
1.009526482115621002e+04
1.010453232817469870e+04
1.009115660801531158e+04
1.008937518525425003e+04
1.010198301749175516e+04
1.009206471063381650e+04
1.008903955956564459e+04
1.010457839006895847e+04
1.010205627772092157e+04
1.009838487342320695e+04
1.009708444277421768e+04
1.010500983096441632e+04
1.009777264530220964e+04
1.009873821527009932e+04
1.010509578345699811e+04
1.009938728207034183e+04
1.008879155983089549e+04
1.009007885632733633e+04
1.010454668356156435e+04
1.010522146299330961e+04
1.010501042523447177e+04
1.010526002504969983e+04
1.010471852286772446e+04
1.010416043519482446e+04
1.010483815692220742e+04
1.010473956693682885e+04
1.010525622063913397e+04
1.010226076134893447e+04
1.010177121469509802e+04
1.009407035188201917e+04
1.010535441925003215e+04
1.010187497163224361e+04
1.010472873827674812e+04
1.010206857117718027e+04
1.010506519357376419e+04
1.010559568755078544e+04
1.010519866460993035e+04
1.010518335094415488e+04
1.009925062664332108e+04
1.010469601455650627e+04
1.010564716515010514e+04
1.010374465680320282e+04
1.010547236901356700e+04
1.010428738893701848e+04
1.009764141033283704e+04
1.010324756476667790e+04
1.010532858978914192e+04
1.009698775512748762e+04
1.010357181932977255e+04
1.010552639277667913e+04
1.010334645176227605e+04
1.010379599560087445e+04
1.010535420450137281e+04
1.010576380679033900e+04
1.010480333020573926e+04
1.010489104686405699e+04
1.010577591550140096e+04
1.010012614986055814e+04
1.010573830016994361e+04
1.010390682342983382e+04
1.010303198921293551e+04
1.010498029135626894e+04
1.010013429769011600e+04
1.010289254779380826e+04
1.010482662797591729e+04
1.010491336048914491e+04
1.010251230533128728e+04
1.010565001151841534e+04
1.010145897739133034e+04
1.010165499298633222e+04
1.010465724801318356e+04
1.010610898932958480e+04
1.010586576890521610e+04
1.010606669404772401e+04
1.010463226569121798e+04
1.010281542215926129e+04
1.010397493729597772e+04
1.010073214495402499e+04
1.010615828845233045e+04
1.010634855646164579e+04
1.010449947160715419e+04
1.010530970141948092e+04
1.010646107297739582e+04
1.010636846448353936e+04
1.009763780779231820e+04
1.010411566380851582e+04
1.010576753655596985e+04
1.010655213995742088e+04
1.010554441181791481e+04
1.010053910952471415e+04
1.009680136005037093e+04
1.010580607940434857e+04
1.010582104177994916e+04
1.009877122449711169e+04
1.010656609774881872e+04
1.009708779182257967e+04
1.010453581407067031e+04
1.010196800752858144e+04
1.009914376510148941e+04
1.010124533975276972e+04
1.009418052176501806e+04
1.010305696414704653e+04
1.010688711930912905e+04
1.010684233887660957e+04
1.010185919873601233e+04
1.009546266339929207e+04
1.010204232513061106e+04
1.010693878306792612e+04
1.010432403814892677e+04
1.009987229637623568e+04
1.010438027983800202e+04
1.009240038515428932e+04
1.010079823200744977e+04
1.009814816990390318e+04
1.010715715061812989e+04
1.009649001371625673e+04
1.009175737531261984e+04
1.009423218012712823e+04
1.010629788908797309e+04
1.010187745215870382e+04
1.010350574884146590e+04
1.010384578834375316e+04
1.010500233788156766e+04
1.010713558739017208e+04
1.010711289672401654e+04
1.010646142686885651e+04
1.010395378570972935e+04
1.010573501399497945e+04
1.010336881476531744e+04
1.010529793451571459e+04
1.010705491690608869e+04
1.008975162760348212e+04
1.010123171585345335e+04
1.009533901253888143e+04
1.010050854877059828e+04
1.010536882803985281e+04
1.010162747094897531e+04
1.008363754890453856e+04
1.009940380542930325e+04
1.010148290564561285e+04
1.009358618212125475e+04
1.009285096610068285e+04
1.009798368961927736e+04
1.009124401405725439e+04
1.008404421654310499e+04
1.010616638643393162e+04
1.010044557440203971e+04
1.010084540753870897e+04
1.009906750787306373e+04
1.009979967574646071e+04
1.008511960230143995e+04
1.010560002656505458e+04
1.008001830158935263e+04
1.008756060656382397e+04
1.008847605132441458e+04
1.010554556381502152e+04
1.010363402356920415e+04
1.009856387555281435e+04
1.010599072089798574e+04
1.008896419836427231e+04
1.009734050250681867e+04
1.009701090385949283e+04
1.010420533014678949e+04
1.010188402898844834e+04
1.010081167615694903e+04
1.010503411738897557e+04
1.010426763816373386e+04
1.008393489587088516e+04
1.008738354097893898e+04
1.008768526452896913e+04
1.009201690622334536e+04
1.008738821553179696e+04
1.010376107376020809e+04
1.008648161677736789e+04
1.008199314704934841e+04
1.010448256139731893e+04
1.008948533342104929e+04
1.008497956400205840e+04
1.008979194570197797e+04
1.009718453888438489e+04
1.009742274138685389e+04
1.008518255561920523e+04
1.009372094266528438e+04
1.009344332231472981e+04
1.009886549102438948e+04
1.007524107412375270e+04
1.009610150763836464e+04
1.007387505750087621e+04
1.008384743582669580e+04
1.006580624429752061e+04
1.008449386077048985e+04
1.009208958969343985e+04
1.009986491253410895e+04
1.009063516792257178e+04
1.006426116535118308e+04
1.006305352006187059e+04
1.009773226501796671e+04
1.006818556483585598e+04
1.006301080325582734e+04
1.009045820859742162e+04
1.006538389980840839e+04
1.005659241544974429e+04
1.009825143533489245e+04
1.007574889380335117e+04
1.008938719185842638e+04
1.007542037351762337e+04
1.006043671709021874e+04
1.007792650143718674e+04
1.009165837373061186e+04
1.007859965270271096e+04
1.006156578417622768e+04
1.009152515771827711e+04
1.008484518102769835e+04
1.009095102741818664e+04
1.008655039484621739e+04
1.009137554052005180e+04
1.005505364066424409e+04
1.006549390777461667e+04
1.008154217593854446e+04
1.008774729514055252e+04
1.007734267163912045e+04
1.009067327455353370e+04
1.008913500181598465e+04
1.008381325254159674e+04
1.004601512207228734e+04
1.007295851391305769e+04
1.005702612773313194e+04
1.007943969254518925e+04
1.008024505723525726e+04
1.007554015300941137e+04
1.008142963158591920e+04
1.004278193625786298e+04
1.004612985495358953e+04
1.006206802923677606e+04
1.006166499748708702e+04
1.005525387752234201e+04
1.008376626114020655e+04
1.005762090364068172e+04
1.005475633760383971e+04
1.008192183150856545e+04
1.003983396617496874e+04
1.003473581198376451e+04
1.005892864881125570e+04
1.003134349355706217e+04
1.003511569922240778e+04
1.005355366231806147e+04
1.006735876971608013e+04
1.007386728552229215e+04
1.004767537137595718e+04
1.005367963517441240e+04
1.008225732091601094e+04
1.005260270935337030e+04
1.006240909279734115e+04
1.005403031332385763e+04
1.003159387432400581e+04
1.004795005184490219e+04
1.007812190671537246e+04
1.007757571894115426e+04
1.003595135003586074e+04
1.007814222634425641e+04
1.007545087704046637e+04
1.006161372044139534e+04
1.007110937307276799e+04
1.002909125372911876e+04
1.002284366404226239e+04
1.004388466945352047e+04
1.003704338282673962e+04
1.004377844761750930e+04
1.002495180962657287e+04
1.007456557693763170e+04
1.006584901371657907e+04
1.006337125384338651e+04
1.006470722095576639e+04
1.006096319078794477e+04
1.005953140873224038e+04
1.002781786807254321e+04
1.006115695581672480e+04
1.002173239849914535e+04
1.002614241730638241e+04
1.002145918537717989e+04
1.002830404570814426e+04
1.004237709721258216e+04
1.006324251294999158e+04
1.004675223888541950e+04
1.006070766322309646e+04
1.005072245034254411e+04
1.006166428082206585e+04
1.003851797517812520e+04
1.005633160334680724e+04
1.005667248299549647e+04
1.000770417183551581e+04
1.004733080271046128e+04
1.004659693152451291e+04
1.005383555919712489e+04
1.001557151629465989e+04
1.004747817643044255e+04
1.005590072090657122e+04
1.004205361025009552e+04
1.002485665519584109e+04
1.006264438443043036e+04
1.004658855839892385e+04
1.001800456482810478e+04
1.000776475147073506e+04
1.002994777336926745e+04
1.005001645717231804e+04
1.004462143324377212e+04
1.003549821293185232e+04
1.004107475879982121e+04
1.000012843274739316e+04
1.000820918834483200e+04
9.996306500654509364e+03
1.005052060469836215e+04
1.002974295452555816e+04
9.994904544759978307e+03
1.001025830490518274e+04
1.003400096666787977e+04
1.004808636506066796e+04
1.004542379971530499e+04
1.004518175238134609e+04
1.003903182113487492e+04
9.985251818870819989e+03
1.004059344824452273e+04
1.000212637575432746e+04
9.998160523891032426e+03
9.994126970964862267e+03
1.003851725081470795e+04
1.002546950725244460e+04
9.995387584581745614e+03
9.994019830976771118e+03
1.001404164086339915e+04
1.003146951577526124e+04
1.000909724492302121e+04
9.994959473519755193e+03
9.978660721530919545e+03
9.996761673113873258e+03
1.003185000428764761e+04
1.003983442165805172e+04
1.003051966135387374e+04
9.990767497680340966e+03
1.002096033107540279e+04
9.992706881498399525e+03
9.987079367351096153e+03
1.000077781200279424e+04
1.001604328582938069e+04
1.000948270772543583e+04
1.000505779141152016e+04
1.003098417523829630e+04
1.001213691959457901e+04
9.996430679308306935e+03
1.002358815232143388e+04
9.989436182258941699e+03
1.001017820600409505e+04
9.964492857980620101e+03
9.980888256666228699e+03
9.970738414131310492e+03
9.998326260741996521e+03
9.971230569297928014e+03
1.002032718485741680e+04
9.964954541148837961e+03
9.983175891775264972e+03
9.990337020211190975e+03
9.994686953079148225e+03
9.975063419234382309e+03
9.990950261472940838e+03
9.971515211405983791e+03
9.957832982572619585e+03
9.963030689257600898e+03
9.989431868244495490e+03
1.001305811361247470e+04
1.001239197686510124e+04
1.000118215744283225e+04
9.973140181669525191e+03
9.962490107213836382e+03
1.000506849475703166e+04
9.983131589500484552e+03
9.991873947466343452e+03
9.951468855390699900e+03
9.983601462751885265e+03
9.972695716791340601e+03
9.959324263559554311e+03
9.995130825767335409e+03
9.972114632334358248e+03
1.001147211381883244e+04
9.955722304780281775e+03
9.973986948455632955e+03
1.000097824383263833e+04
9.993508432375356278e+03
9.998965441609865593e+03
9.952569508588007011e+03
9.979920633274687134e+03
9.967007671255945752e+03
9.998349765876420861e+03
9.980276981610555595e+03
9.972853617276496152e+03
9.944761660444561130e+03
9.979118297370456276e+03
9.952622040350674069e+03
9.999286432944682019e+03
9.961654176121004639e+03
9.995066668819779807e+03
9.938415016328201091e+03
9.962442314200839974e+03
9.948689856602382861e+03
9.969872655508443131e+03
9.975389492311833237e+03
9.967077270485173358e+03
9.939007316711640669e+03
9.981318644064638647e+03
9.972049434663687862e+03
9.933437860939829989e+03
9.935418790742416604e+03
9.973827051494283296e+03
9.970069351767540866e+03
9.973007416578864650e+03
9.932635147962668270e+03
9.980174248058303419e+03
9.936257649227571164e+03
9.942080164354692897e+03
9.975405370150638191e+03
9.959078972635204991e+03
9.941389476745129286e+03
9.968550632878288525e+03
9.954489801200541478e+03
9.965129266984451533e+03
9.926577466359902246e+03
9.958105694085157666e+03
9.961579661986328574e+03
9.931150976835737310e+03
9.948365138337325334e+03
9.957351791426408454e+03
9.976954377595482583e+03
9.976766107877130707e+03
9.930497062586062384e+03
9.974628543348064341e+03
9.954308947456362148e+03
9.933812288129305671e+03
9.947729531752689581e+03
9.958968295189968558e+03
9.939249869452534767e+03
9.949371397423559756e+03
9.944073017696431634e+03
9.927722583928125459e+03
9.935961341073863878e+03
9.955809098712816194e+03
9.917760029327826487e+03
9.953985008554611341e+03
9.919746671895034524e+03
9.916636208678353796e+03
9.913394941127438869e+03
9.924986546274278226e+03
9.943050957560564711e+03
9.913816636851564908e+03
9.923496125122479498e+03
9.946060774757232139e+03
9.918697660446052396e+03
9.958204387796113224e+03
9.932365885462302685e+03
9.923214032671388850e+03
9.909430549918055476e+03
9.940222336323027776e+03
9.933578008993086769e+03
9.920524114182489939e+03
9.914412536639054451e+03
9.914374853812745641e+03
9.915334076147015367e+03
9.929110467508584406e+03
9.916495206513414814e+03
9.913279570686994703e+03
9.904608893421640460e+03
9.905201535296611837e+03
9.913855096427369062e+03
9.910137079205025657e+03
9.922117150905507515e+03
9.908326509867516506e+03
9.909078019138010859e+03
9.931577750526012096e+03
9.911846409346970177e+03
9.919374740254828794e+03
9.903525570946570951e+03
9.925295679862634643e+03
9.931152752268108088e+03
9.923645097135535252e+03
9.906204460511657089e+03
9.920948465942403345e+03
9.914556923076470412e+03
9.909443400114661927e+03
9.931985102259835912e+03
9.913626356848668365e+03
9.904836721819194281e+03
9.927549966880400461e+03
9.904144585510130128e+03
9.908430781726030546e+03
9.909993345986462373e+03
