100.0000
125.6757
151.3514
177.0270
202.7027
228.3784
254.0541
279.7297
305.4054
331.0811
356.7568
382.4324
408.1081
433.7838
459.4595
485.1351
510.8108
536.4865
562.1622
587.8378
613.5135
639.1892
664.8649
690.5405
716.2162
741.8919
767.5676
793.2432
818.9189
844.5946
870.2703
895.9459
921.6216
947.2973
972.9730
998.6486
1024.3243
1050.0000
1075.6757
1101.3514
1127.0270
1152.7027
1178.3784
1204.0541
1229.7297
1255.4054
1281.0811
1306.7568
1332.4324
1358.1081
1383.7838
1409.4595
1435.1351
1460.8108
1486.4865
1512.1622
1537.8378
1563.5135
1589.1892
1614.8649
1640.5405
1666.2162
1691.8919
1717.5676
1743.2432
1768.9189
1794.5946
1820.2703
1845.9459
1871.6216
1897.2973
1922.9730
1948.6486
1974.3243
2000.0000
